426
782
89
933
445
551
808
457
511
710
314
329
451
369
669
453
148
144
639
22
76
810
264
624
406
517
75
813
634
275
238
832
457
213
814
158
11
415
118
40
881
33
626
232
112
401
453
244
103
499
877
351
487
300
846
454
930
341
722
188
430
780
59
167
583
225
204
721
238
305
113
122
806
260
871
440
71
735
679
655
96
329
300
291
250
814
599
137
216
339
104
151
109
301
877
619
799
109
54
318
427
78
339
654
143
266
409
339
897
431
321
895
215
531
50
419
360
341
163
138
446
773
938
268
398
695
46
45
237
472
357
760
763
549
246
133
364
385
477
33
539
713
62
332
174
908
346
173
444
86
582
51
870
325
454
210
185
754
242
267
204
652
120
343
103
377
500
62
421
473
711
313
279
556
809
619
441
254
497
63
472
452
202
630
418
91
339
240
703
99
316
289
853
614
768
54
182
15
60
858
95
447
479
130
716
298
201
15
685
588
392
83
473
241
23
594
504
202
343
754
300
912
347
94
264
836
169
169
114
133
867
473
424
759
812
851
35
445
135
115
99
44
363
144
10
408
460
191
342
470
127
118
326
583
491
444
434
192
334
321
207
363
174
225
595
257
442
73
76
443
192
237
688
589
317
257
513
250
928
195
364
608
732
440
440
829
423
25
455
79
225
554
496
381
406
345
488
92
330
759
418
289
437
715
752
199
423
389
362
24
76
104
33
505
76
775
311
364
573
261
503
734
410
884
874
369
768
490
758
196
23
700
511
246
190
274
330
53
348
258
660
209
265
404
436
115
23
184
182
237
5
268
28
207
221
44
414
229
324
177
147
494
156
290
216
211
331
839
865
609
515
36
439
765
370
68
277
938
349
341
91
444
919
307
87
366
410
590
95
845
316
815
203
323
269
46
891
499
847
453
264
13
115
255
734
296
372
862
297
234
329
261
268
102
81
146
707
170
184
454
410
378
772
277
347
188
431
106
428
103
284
720
182
252
870
759
642
552
255
258
802
482
54
338
340
331
821
407
625
314
421
498
429
260
437
87
464
703
814
477
44
373
319
62
308
71
517
257
55
298
807
285
645
117
841
325
96
213
633
299
104
351
475
255
348
331
920
65
201
299
856
206
186
457
690
350
53
526
67
58
767
199
582
135
771
172
523
336
634
300
392
474
349
436
487
604
266
351
826
396
471
408
90
281
264
872
112
620
107
398
234
188
883
370
32
337
306
354
186
137
480
109
320
249
230
193
639
407
257
263
782
444
147
774
422
661
91
845
68
405
863
439
342
117
131
104
112
397
703
236
722
125
655
46
414
640
57
128
369
170
107
878
101
369
129
488
495
652
590
483
328
595
617
760
493
319
312
48
401
841
155
463
107
261
53
399
754
694
426
353
55
164
476
199
403
246
161
359
287
182
808
285
524
104
110
231
139
365
482
311
40
430
511
548
872
275
812
243
300
475
389
918
697
369
604
787
324
397
755
152
19
308
343
719
14
591
763
199
371
391
536
735
475
89
361
499
479
335
351
347
922
181
63
821
12
86
11
77
413
440
237
51
732
191
151
71
443
825
309
58
50
918
329
164
431
4
180
200
121
409
339
927
25
246
350
848
764
843
772
265
192
461
417
182
539
731
15
864
881
698
80
225
925
865
335
139
282
88
884
422
305
406
602
175
406
466
320
496
893
74
296
353
163
78
147
617
388
660
52
628
408
96
296
453
223
453
397
549
273
23
596
210
807
334
198
580
792
373
153
73
435
44
106
533
212
392
464
449
483
49
267
59
469
299
163
76
499
144
169
490
179
335
568
207
409
255
368
391
393
164
171
49
393
297
241
384
659
523
72
50
37
247
67
407
784
65
917
717
926
857
590
615
138
666
302
716
83
641
118
290
453
872
786
11
526
267
207
255
186
551
44
313
923
340
98
453
296
413
274
608
241
325
54
62
937
155
112
871
323
120
73
339
232
126
800
285
170
233
131
137
470
240
303
125
166
857
69
14
313
72
175
542
400
305
640
184
219
249
486
208
446
327
927
80
203
205
415
182
555
436
596
504
516
410
38
23
553
42
186
95
792
48
294
585
807
311
27
424
638
311
405
195
867
90
84
185
265
109
91
106
719
444
315
19
228
359
213
710
422
201
257
237
175
188
400
203
345
763
244
311
780
374
396
205
223
226
122
366
443
467
319
455
257
636
341
418
290
918
301
381
318
697
903
245
571
585
878
451
750
195
556
193
820
793
548
82
231
416
432
855
645
379
555
857
302
774
382
201
77
24
!
4
26
0
287
0
265
88
0
307
571
0
0
10
0
752
0
840
0
926
734
481
508
0
836
47
535
0
348
889
0
0
451
0
880
325
0
0
0
0
0
507
0
817
741
0
0
0
40
0
0
48
0
0
233
454
0
22
904
424
0
0
664
889
0
821
0
0
57
0
780
592
0
569
926
896
0
0
882
801
843
804
0
488
0
0
434
16
0
0
0
0
65
907
255
805
865
682
717
309
454
0
489
567
56
0
86
0
0
307
0
61
609
641
409
0
231
0
615
208
0
789
582
66
0
450
554
750
592
0
0
0
101
138
706
0
0
0
0
131
655
605
592
0
0
749
291
0
0
0
193
250
0
583
256
73
0
0
841
0
0
0
888
0
523
0
0
0
0
522
0
687
895
20
380
610
553
425
0
0
0
233
295
0
169
0
50
0
0
735
0
0
0
569
600
886
0
0
930
0
519
0
216
0
0
455
631
604
622
291
355
0
0
0
0
316
876
583
0
582
5
0
630
881
359
0
120
0
0
92
0
606
0
360
753
311
877
0
0
0
398
0
0
65
155
0
0
478
0
0
431
886
0
0
802
245
0
792
0
0
0
0
0
737
0
166
0
0
0
680
121
0
0
723
732
0
0
557
0
567
0
593
226
100
0
644
384
0
754
0
804
0
128
392
0
0
0
0
268
0
705
250
0
0
66
292
0
0
306
0
843
0
528
155
343
0
550
310
0
595
264
794
804
493
361
288
0
251
887
823
0
0
939
621
858
0
468
0
0
0
0
232
0
653
0
804
0
0
80
726
0
228
165
406
79
0
372
0
316
0
848
0
0
0
0
0
651
0
647
830
381
264
8
0
678
0
0
672
307
0
564
4
264
789
0
0
690
209
905
0
591
0
633
0
0
0
0
240
0
921
0
0
0
291
0
221
0
0
380
905
0
0
0
0
0
381
0
316
0
767
0
0
0
768
877
0
640
0
0
0
0
0
304
730
0
575
293
692
405
614
385
932
817
0
0
0
0
142
0
163
0
0
0
550
0
0
855
0
730
84
134
0
187
0
751
0
0
760
0
0
0
644
0
635
0
817
0
147
0
652
0
0
849
0
222
0
0
44
0
0
641
358
130
0
0
320
660
937
323
0
0
626
0
92
145
294
0
3
0
778
70
0
339
0
761
0
231
0
76
73
926
0
398
308
0
0
64
576
317
0
514
469
184
490
531
0
576
0
0
0
0
0
0
717
722
0
69
71
0
484
0
684
602
154
927
0
700
0
728
0
203
683
0
318
0
0
0
0
0
818
0
469
0
571
0
70
353
0
441
0
0
0
186
571
0
0
867
46
791
279
0
0
635
196
411
0
729
198
0
0
95
699
222
779
0
0
0
289
644
55
0
112
0
0
0
0
0
0
0
0
0
899
124
486
0
0
0
0
0
0
545
0
0
190
582
668
0
224
915
0
0
182
918
284
609
865
282
628
0
625
0
0
589
0
611
576
127
285
0
0
162
235
281
0
0
0
0
520
0
0
0
876
111
0
794
0
928
0
0
0
329
91
0
396
0
0
0
0
414
333
0
0
382
98
0
526
305
63
657
0
0
492
777
799
0
0
751
733
16
519
0
174
0
0
596
60
119
0
216
458
494
0
456
727
725
0
830
658
0
623
0
0
0
565
556
0
85
459
0
628
156
331
502
0
267
0
613
0
918
0
415
0
0
0
0
0
153
0
90
0
351
696
313
469
866
840
376
573
0
139
0
0
95
671
144
0
0
275
0
727
0
651
732
244
215
0
0
0
0
0
224
0
0
717
0
140
366
373
0
0
0
0
400
0
0
251
0
605
547
0
0
880
0
0
0
444
0
412
343
18
905
30
597
633
650
378
546
0
675
0
0
6
268
390
0
662
705
0
827
570
920
0
285
282
0
0
0
0
467
705
309
347
0
0
0
857
0
0
699
0
0
0
613
0
165
623
0
0
0
0
562
0
0
195
0
0
104
0
0
0
465
837
59
0
0
698
784
0
0
790
0
0
0
932
700
349
0
0
0
350
715
166
819
823
0
0
0
116
0
0
0
162
0
0
350
695
0
0
45
837
0
584
0
85
0
0
65
0
843
807
329
467
0
0
0
151
0
209
828
0
0
0
768
0
0
0
0
0
251
0
551
846
0
0
0
0
0
0
0
269
0
632
0
0
413
0
0
0
780
0
700
0
786
134
0
914
143
669
0
184
0
376
921
892
899
329
0
890
525
0
164
248
0
669
855
0
856
0
0
0
0
!
153336
50857
8847
5152386
89
2765795
2915
5068071
8914
17386
3881
2674407
2185
34185
91157
34339
5831
185
213346
45480
122017
314
3152
4834528
145359
45389
8838
51192
117836
17326
381165
1508588
7700
3609221
271839
22732
7005
1993126
637474
4905936
164475
195568
159330
3176250
14849
39793
595066
4630377
222034
1763987
193406
2141651
1016
5135791
2028
3591306
178024
45296
226715
844709
16155
2085763
24738
2368227
125209
3015785
46123
5843
3209
39915
119611
2650393
6598
1342316
8884
1990007
7646
235942
7568
3706896
7006
2267189
3797
1532134
259826
28676
8419
11697
56441
11406
6047
401
7981
28688
263412
17066
2926
4842526
6145
45675
120894
11503
351
433802
2369
28722
301175
45375
11031
4613733
42020
2856334
87197
45415
354854
6061
8817
4990257
102409
45364
2312
45606
1949
1920624
5829
17124
6754
551717
256732
3650429
17330
4141068
4909
45380
4797
50915
5884
1294458
8546
1295712
3154
1525323
178823
122
6710
17064
6614
1438427
347424
22657
225181
1650613
254091
2036803
5702
751200
191722
732562
2121
4236114
41297
2099024
5034
34211
5709
39592
291
1520307
4955
4562643
2878
3315055
244693
5977
4842
4935488
216
45392
374505
1940934
6691
1076845
2093
299214
254343
3812833
41125
4074011
5662
39545
214141
4983814
22118
2534925
282657
51214
1275
34216
44524
34375
2309
1660492
7610
367708
1039
4596459
21865
22755
79449
34025
106446
17000
3