581
172
46
267
413
800
382
639
91
262
533
3
323
281
82
45
360
747
825
709
299
198
675
363
50
535
709
75
773
432
723
830
7
929
467
703
259
277
715
940
653
37
658
36
288
813
722
571
684
150
319
899
52
617
851
71
141
891
569
199
734
312
540
513
260
850
587
569
924
452
927
827
23
804
487
444
168
897
432
337
897
322
196
539
908
320
248
669
877
260
551
83
938
321
525
481
861
591
176
132
18
610
104
933
130
57
671
861
821
244
702
344
602
914
834
856
666
96
262
453
896
573
164
655
597
47
173
142
217
123
295
173
645
858
235
755
668
482
600
233
514
64
845
129
117
40
479
625
676
341
23
654
618
611
583
814
794
636
870
451
826
153
520
698
466
514
880
531
815
484
789
341
97
645
660
11
246
64
94
460
821
502
114
242
73
791
749
139
140
912
683
364
740
413
645
18
214
820
189
419
485
809
846
931
881
82
815
610
349
64
386
729
680
638
837
778
634
903
910
809
149
549
197
583
713
759
226
412
360
669
543
63
268
345
309
518
885
827
190
423
761
129
124
350
588
187
724
359
306
231
667
272
900
41
287
857
796
72
614
722
85
491
195
692
892
838
85
394
939
691
387
392
565
659
75
150
797
281
405
519
636
631
279
314
684
217
786
811
844
594
483
70
228
594
418
314
37
16
582
415
810
83
698
138
862
607
787
164
412
563
738
655
664
279
762
849
887
362
53
583
212
128
672
877
118
166
441
279
300
782
302
478
754
559
652
425
446
173
621
756
444
169
320
322
424
325
873
170
84
755
842
457
342
496
673
203
462
610
829
753
416
280
130
350
827
116
201
24
766
612
533
273
39
824
585
796
578
171
165
845
419
713
202
134
323
57
227
299
397
905
354
570
176
83
685
352
282
890
179
132
721
846
889
359
356
837
927
792
264
465
751
346
394
352
668
7
601
48
558
257
48
81
764
847
858
635
496
608
159
75
346
846
643
199
290
558
213
525
279
823
627
88
665
281
538
870
98
202
458
165
857
534
724
254
707
467
561
718
422
190
828
598
18
247
187
504
336
927
573
652
343
694
151
917
363
878
474
576
183
649
321
780
265
836
908
886
866
563
741
932
663
22
852
197
889
508
615
148
344
419
24
287
906
419
778
863
351
316
143
603
395
781
891
825
35
724
832
910
679
816
39
190
0
711
300
347
134
628
444
153
253
115
823
151
740
153
484
380
662
879
126
559
305
399
230
337
166
379
648
472
303
816
792
607
293
399
550
135
718
876
576
351
374
497
579
469
556
549
741
635
855
122
897
617
344
53
635
542
766
182
661
728
246
403
154
561
896
179
290
454
342
518
444
309
16
828
480
15
883
702
288
401
177
146
56
419
760
807
598
485
413
149
931
544
408
408
569
394
1
248
716
517
859
555
549
104
263
415
567
436
140
248
417
786
190
587
727
567
665
88
577
606
937
33
563
750
327
940
230
794
778
441
473
280
323
693
502
827
911
325
695
345
538
408
470
313
352
706
307
454
917
92
118
422
526
432
108
356
638
478
407
372
369
204
316
932
743
427
283
61
770
347
693
751
450
556
187
617
532
791
359
719
121
403
561
790
141
267
150
123
839
89
195
309
204
692
353
873
427
563
353
629
658
173
489
919
376
284
11
366
656
481
822
234
425
303
336
382
939
864
895
867
640
824
286
934
711
345
438
888
582
727
573
75
886
541
543
82
246
468
403
115
497
89
794
181
862
670
9
11
849
18
161
78
688
45
627
684
823
548
82
21
258
10
19
30
126
814
349
635
451
660
136
535
216
167
9
464
81
671
837
531
822
120
545
689
384
727
566
259
645
429
646
695
512
823
630
928
332
339
747
606
670
706
227
381
737
98
11
448
719
363
670
698
36
190
64
500
133
215
616
21
592
329
733
737
200
576
580
88
81
293
137
647
348
429
596
492
737
204
923
611
442
757
786
905
461
816
804
330
872
481
206
313
13
711
865
287
511
399
335
509
87
35
416
123
619
600
674
101
474
623
458
336
513
575
601
608
926
359
805
412
741
605
603
525
734
735
32
434
303
246
174
863
8
354
704
385
448
718
739
246
182
736
832
374
882
427
226
529
245
496
294
526
573
151
869
572
91
390
179
254
806
580
552
547
48
464
285
617
337
196
118
653
133
674
418
680
322
270
10
225
919
659
473
93
253
332
143
295
208
138
380
218
849
232
483
24
102
161
471
62
346
782
161
74
176
828
73
593
463
466
663
662
525
940
214
310
362
625
52
218
475
837
36
883
874
824
430
423
87
100
670
833
934
373
184
487
83
702
589
433
760
84
731
377
134
586
14
764
496
444
222
224
570
731
463
182
762
615
71
339
285
630
345
427
641
519
409
555
124
234
900
23
672
855
19
174
725
888
525
755
560
440
334
512
463
37
867
582
406
878
332
668
22
188
857
242
254
629
362
656
49
146
195
333
72
887
184
121
73
402
835
477
213
419
700
520
480
430
551
50
314
314
442
831
284
640
446
645
834
770
836
729
236
431
545
829
129
756
253
268
424
215
400
75
335
616
380
653
135
832
862
672
746
647
824
94
37
224
547
927
149
808
78
229
496
246
481
276
462
222
829
765
916
34
98
123
596
56
156
893
330
469
186
196
363
684
16
784
288
121
232
449
777
268
732
181
629
791
325
470
440
552
159
738
442
644
222
453
305
628
302
751
845
622
98
87
886
905
280
338
19
277
80
209
692
324
857
276
893
437
767
853
203
460
304
873
165
310
464
470
214
233
151
615
26
313
817
273
779
371
742
137
225
241
265
110
116
58
301
506
406
532
351
835
654
150
888
358
131
467
467
785
529
417
910
317
442
854
331
931
267
80
294
848
908
118
46
248
892
425
873
10
470
343
230
676
433
661
665
753
286
253
158
587
227
239
489
499
843
577
772
816
127
455
151
279
514
414
854
746
765
461
881
282
558
40
114
11
274
451
803
259
420
560
682
444
138
152
210
908
798
833
516
612
761
145
361
273
506
621
47
45
912
454
253
242
169
496
379
502
65
606
167
372
625
118
903
48
447
849
634
238
873
429
606
853
940
243
573
247
555
386
823
869
209
355
214
242
844
713
224
6
687
342
156
631
749
132
293
858
240
932
695
646
378
686
734
51
101
348
119
727
188
88
5
408
414
249
535
735
487
166
372
640
570
179
533
728
617
784
380
562
588
265
228
257
278
168
789
659
490
731
228
895
922
23
748
411
294
531
685
161
307
172
863
207
160
715
251
528
303
546
826
724
134
75
499
807
618
587
694
3
492
789
391
436
182
341
580
757
98
430
747
713
576
782
831
521
811
113
206
862
444
756
484
186
857
309
757
142
506
330
573
387
302
89
487
640
911
709
330
860
4
869
269
232
324
646
331
379
813
606
430
910
833
144
650
127
676
844
39
534
713
430
10
413
158
625
323
266
522
737
133
764
657
108
58
75
516
782
624
583
747
179
773
531
84
440
824
614
80
684
231
565
640
733
623
435
190
483
842
692
42
507
291
853
467
455
883
823
884
336
798
628
708
438
235
496
687
869
234
612
454
325
309
540
570
559
629
439
341
44
675
289
51
903
578
739
339
47
644
823
518
237
530
780
554
445
493
502
139
405
143
24
472
243
880
270
863
462
633
512
23
327
496
880
106
590
94
834
775
647
222
748
740
668
802
8
6
339
707
685
682
103
463
889
814
140
254
343
607
585
742
832
221
423
160
380
439
162
789
403
541
572
8
656
160
430
597
20
626
44
188
871
789
427
557
576
165
205
521
693
509
105
741
315
212
538
396
535
498
305
320
587
309
466
825
803
430
62
876
316
333
674
608
444
519
604
544
787
15
301
330
137
794
926
118
791
322
567
83
285
376
740
254
845
329
914
489
112
838
671
901
923
657
30
44
576
269
328
661
815
640
486
460
894
355
178
144
540
392
279
651
290
573
752
554
180
679
793
112
245
205
421
679
476
393
849
338
638
69
544
95
846
212
346
822
569
375
258
285
463
506
22
260
17
483
1
550
341
555
243
394
617
826
906
91
646
639
135
105
691
883
182
43
620
834
748
168
255
259
527
187
647
883
532
741
906
218
718
927
312
137
578
232
335
887
806
199
614
493
444
158
498
830
671
221
322
247
644
595
42
116
793
377
51
135
160
112
196
904
74
453
395
439
61
184
47
225
601
212
516
454
520
4
150
615
918
471
905
161
289
701
686
762
644
82
599
735
803
347
533
858
274
20
508
673
275
733
194
227
431
357
174
128
425
705
270
814
552
879
652
268
42
517
721
447
715
555
692
572
123
875
62
292
542
221
330
618
904
376
497
47
818
706
547
722
335
776
736
224
197
388
576
299
84
296
212
773
731
470
609
934
539
478
870
355
655
46
830
20
694
919
825
487
555
220
938
801
431
341
569
251
641
259
868
326
245
825
119
293
782
545
93
9
652
615
101
910
534
194
79
755
19
228
587
61
392
924
632
270
271
110
504
583
158
230
300
506
617
61
874
703
287
287
872
7
876
725
663
798
820
444
622
469
321
84
549
915
461
537
778
837
333
782
116
269
672
544
699
489
619
140
920
203
336
241
204
575
425
512
496
512
240
264
87
150
843
901
194
685
174
137
650
259
905
371
240
920
798
595
289
145
463
457
481
912
455
25
103
382
337
604
4
670
499
577
512
250
17
10
864
3
243
906
384
316
81
333
481
202
764
610
31
474
438
177
932
704
649
772
117
601
851
866
729
524
407
139
619
466
573
111
570
12
51
389
278
858
338
39
132
738
341
418
812
35
839
847
894
100
436
135
179
723
639
346
585
169
489
254
663
481
253
738
807
166
817
99
271
603
316
81
654
663
146
366
818
229
850
831
325
20
908
339
467
918
99
505
143
872
931
74
430
579
604
335
257
148
285
840
271
64
179
81
938
401
97
275
471
699
253
310
8
491
56
934
50
443
275
238
458
536
158
883
375
874
834
714
627
93
35
524
549
459
115
768
296
592
589
506
552
569
160
421
332
129
168
576
511
241
507
824
865
198
28
416
526
91
153
909
198
124
146
639
36
583
277
682
599
849
499
776
722
339
284
72
459
263
481
98
865
521
546
613
916
496
674
148
628
547
193
842
940
171
392
532
121
653
815
644
443
245
122
867
148
536
624
595
524
547
440
298
182
874
502
398
209
199
69
931
881
938
379
137
458
114
28
161
547
287
442
48
245
823
345
527
412
691
864
359
101
187
176
99
255
257
547
79
353
14
917
533
609
909
443
589
784
233
489
821
192
338
697
755
137
679
641
847
647
796
501
897
440
791
25
202
162
171
436
10
526
900
151
804
345
662
111
828
934
890
69
842
267
599
688
228
675
862
892
488
887
789
725
117
467
25
488
828
880
118
422
400
726
760
829
822
705
388
506
667
885
468
20
840
11
175
255
710
451
417
840
750
486
720
150
659
742
891
850
416
164
852
731
112
787
782
433
914
631
295
623
724
325
264
437
790
239
863
247
473
501
83
352
377
739
787
110
683
741
454
438
177
82
194
763
20
54
24
240
372
302
293
531
508
208
589
768
116
232
305
651
210
593
315
554
233
911
236
570
416
930
506
783
567
31
683
455
460
685
329
478
103
418
460
823
756
446
484
755
727
406
448
397
409
646
39
549
127
176
405
679
129
464
613
93
793
444
513
1
166
390
736
828
401
5
93
394
195
752
703
689
577
694
132
768
194
20
177
508
503
2
888
448
708
924
171
758
865
487
511
143
301
486
362
617
823
321
889
25
807
386
184
794
354
744
552
221
479
233
232
860
343
425
630
186
934
798
436
659
528
849
370
196
36
107
708
735
499
933
595
263
525
570
560
56
424
681
871
844
358
797
425
201
593
699
81
837
178
521
884
454
381
856
754
402
311
738
529
424
425
865
209
190
269
72
161
836
609
663
602
877
806
454
380
144
852
741
321
521
248
124
345
299
255
83
870
924
804
822
94
812
192
427
705
775
827
128
27
252
91
661
921
504
642
681
617
356
481
533
669
874
550
175
884
757
379
206
149
359
383
576
339
392
196
823
657
673
577
326
461
194
321
877
431
537
795
804
596
627
847
143
406
73
868
676
425
507
224
624
180
425
749
784
739
890
889
185
571
420
16
214
444
684
309
69
862
802
338
446
792
626
922
494
554
594
762
483
396
111
629
160
385
745
391
726
472
168
326
498
345
262
382
662
408
325
546
803
351
935
515
382
175
541
68
12
625
10
539
835
717
630
193
174
263
760
247
341
696
4
66
817
279
229
940
298
73
607
859
27
749
620
215
226
534
792
12
38
787
799
705
718
804
605
344
136
477
873
191
924
730
445
64
660
619
383
404
244
37
493
929
836
97
351
784
586
829
939
137
884
683
890
640
315
890
679
123
891
553
100
49
556
841
220
125
388
470
619
855
260
210
214
62
425
708
259
915
437
552
571
854
138
538
509
821
686
816
855
765
619
561
349
809
73
581
754
172
27
728
916
857
132
677
475
107
219
897
48
702
860
323
183
481
336
604
858
374
505
535
725
757
527
924
206
172
561
649
178
558
142
103
57
296
416
789
112
68
398
763
536
164
583
746
492
829
851
40
451
748
681
675
478
634
670
198
292
916
473
251
453
848
791
511
557
405
601
709
801
234
936
304
31
775
523
882
937
702
922
323
169
743
884
692
471
477
84
263
507
333
670
34
862
376
236
914
871
657
662
165
133
546
360
563
571
163
287
750
393
746
110
893
847
647
491
592
563
119
793
10
765
620
750
407
839
647
210
421
501
639
900
214
724
926
253
243
748
26
211
585
444
201
280
32
356
68
626
244
297
925
928
450
897
317
875
217
463
389
80
648
92
860
316
197
904
600
117
414
13
493
564
28
344
456
772
271
71
329
243
511
282
646
429
154
653
130
559
120
358
103
15
575
233
376
286
363
52
25
909
428
319
281
553
937
527
567
626
31
650
111
153
640
173
674
610
669
344
746
238
723
209
352
555
568
176
532
140
190
185
284
692
897
936
654
554
418
772
80
800
331
136
855
199
305
853
924
899
656
827
855
736
160
137
573
258
160
209
504
920
531
188
319
431
601
222
761
888
357
719
277
706
825
879
590
684
717
128
671
507
32
915
421
547
479
71
809
815
924
871
255
162
696
613
936
438
332
390
237
664
777
165
633
80
225
822
230
628
598
141
293
181
600
617
129
129
184
542
28
39
694
538
278
766
180
248
4
728
225
343
231
275
62
596
606
467
78
673
451
198
363
108
383
35
503
171
56
92
26
660
835
807
568
168
298
15
168
737
73
326
410
789
272
819
596
546
926
680
290
3
417
227
521
194
645
15
151
777
13
473
404
382
346
239
62
134
167
506
935
365
166
81
242
321
59
846
5
203
889
885
628
411
481
817
317
246
575
370
77
849
766
139
635
291
843
720
93
432
359
534
98
794
448
552
271
370
908
915
644
542
64
787
755
328
536
2
760
586
352
211
303
121
511
492
600
592
899
528
698
130
164
787
844
386
126
491
342
661
85
814
672
940
569
695
472
630
778
182
33
639
191
894
546
690
596
787
818
881
534
249
219
227
665
640
684
58
6
164
720
749
859
935
283
19
431
617
672
846
73
908
825
30
466
421
358
845
68
122
748
497
458
810
585
704
932
892
648
61
240
247
535
640
703
641
743
315
227
584
141
693
209
633
604
679
19
95
125
8
511
875
908
195
538
357
759
154
458
87
36
190
889
346
782
901
937
535
399
92
634
63
446
5
811
43
149
180
128
343
267
119
273
777
406
258
815
705
180
142
488
520
201
4
772
606
816
280
37
6
825
138
659
82
897
675
530
462
284
760
739
159
894
506
489
639
674
867
244
187
451
152
755
879
645
673
368
561
305
370
365
768
779
452
279
178
695
774
422
628
472
84
105
790
413
849
407
294
797
763
429
245
192
217
37
890
764
295
909
153
681
506
65
5
898
235
524
679
442
737
164
282
658
394
342
497
129
305
467
644
39
769
231
199
792
203
9
368
456
156
873
591
150
381
437
300
468
726
502
461
313
892
103
92
776
502
353
339
495
623
654
74
274
660
912
482
398
438
27
699
501
577
148
878
742
645
204
102
921
135
254
742
929
114
3
61
724
38
901
736
167
637
747
10
740
5
194
616
90
654
529
5
525
571
212
57
897
311
806
835
373
339
646
700
117
481
523
596
389
268
530
608
149
516
115
646
238
877
924
684
130
7
678
744
468
584
261
857
52
631
323
102
795
697
34
248
288
149
95
56
471
59
626
687
790
413
811
273
762
378
353
903
623
776
635
213
9
509
551
471
749
600
747
6
748
145
485
673
687
647
374
38
314
30
566
764
522
106
886
408
827
723
193
104
452
276
75
860
150
446
588
467
519
392
518
929
507
274
614
566
9
517
214
872
900
68
273
631
225
529
832
551
520
12
64
657
394
326
475
159
208
474
427
595
467
177
640
281
586
506
907
17
845
533
936
565
577
906
853
899
94
532
434
303
81
750
109
282
615
310
728
936
467
8
782
413
88
70
233
760
333
848
85
741
404
3
210
661
18
287
809
772
297
788
846
109
926
780
732
770
628
760
375
832
585
150
58
310
603
509
221
940
633
898
76
50
179
43
489
37
425
863
922
8
701
439
216
819
323
187
38
480
853
624
673
643
322
416
440
190
897
764
60
618
384
793
321
49
909
350
176
521
558
854
48
521
162
163
395
109
342
584
642
858
626
330
687
607
31
836
693
460
240
606
61
370
929
141
856
34
98
856
355
377
422
509
401
456
389
183
855
297
122
42
575
627
796
307
368
854
616
929
295
621
318
818
97
693
177
654
526
212
167
454
593
863
907
501
224
505
887
179
814
846
839
146
685
105
542
405
184
830
345
53
726
519
680
258
47
267
502
49
677
216
727
186
382
46
890
684
89
558
871
510
889
214
595
582
353
296
846
525
273
120
804
214
472
855
864
498
512
418
567
501
492
384
685
409
227
206
549
364
712
238
106
301
363
362
463
369
914
641
550
46
784
661
627
398
703
839
592
314
640
439
204
829
714
129
473
356
878
259
768
810
305
113
808
650
37
384
3
159
801
202
504
848
358
861
241
195
420
908
550
652
198
502
79
371
199
65
473
390
80
20
185
675
532
787
254
450
99
886
72
300
108
308
542
739
62
391
19
212
486
558
525
573
481
595
686
526
657
826
886
9
160
432
598
905
764
817
377
80
831
319
356
467
39
652
114
424
620
765
586
583
407
464
174
374
