27
36
63
36
23
69
52
32
98
12
96
27
46
94
93
11
99
27
82
14
38
12
89
81
40
55
39
74
99
45
35
36
30
23
52
49
15
56
84
14
17
37
54
62
78
17
11
55
36
50
43
88
71
50
20
73
75
56
66
22
89
57
92
54
35
83
70
65
35
50
16
12
38
17
77
47
75
46
47
27
40
47
89
51
13
12
30
39
64
67
23
13
12
41
60
73
96
31
59
95
92
69
57
22
40
72
96
30
95
81
67
95
16
28
33
62
54
74
12
69
65
60
84
48
88
27
51
81
55
15
76
55
58
35
41
27
27
91
94
81
40
96
57
25
62
32
74
68
85
38
97
90
64
74
90
35
43
27
64
41
82
34
83
76
73
31
20
80
81
18
80
38
59
13
99
97
12
69
39
81
66
85
15
27
90
30
48
70
46
98
78
79
84
52
39
89
22
23
90
78
18
26
72
78
75
74
37
47
83
85
95
89
21
23
83
63
68
76
35
53
42
74
89
89
15
49
12
67
52
94
73
65
31
34
66
36
30
52
68
77
32
52
88
67
18
51
73
29
52
93
99
59
36
10
77
25
12
91
12
83
55
28
44
53
55
86
22
83
81
28
25
62
59
99
28
42
42
15
52
85
28
77
79
93
84
82
76
52
35
85
72
60
19
31
80
35
48
17
43
62
46
24
80
85
51
70
50
27
88
21
53
45
35
40
17
36
26
43
98
56
37
44
77
56
28
66
90
65
14
49
63
92
65
37
45
62
84
78
68
92
14
19
32
18
80
23
96
23
70
45
98
32
36
45
40
50
75
54
17
13
63
58
65
37
68
98
86
67
72
57
33
68
19
94
64
60
21
50
88
88
96
30
92
12
31
20
59
90
63
14
44
57
32
96
45
17
79
58
93
86
57
36
16
90
29
94
83
46
50
53
74
51
53
42
10
69
80
11
48
52
91
53
81
30
51
87
51
14
31
28
83
66
55
76
55
74
99
19
98
64
62
93
96
19
91
56
11
55
27
44
10
21
73
12
40
81
57
18
21
27
20
20
95
52
84
65
88
70
39
73
30
77
51
12
57
98
55
29
72
51
67
10
17
20
15
20
80
82
39
95
65
35
82
78
42
17
45
34
31
31
17
82
45
84
72
29
99
25
69
85
47
11
38
82
10
59
59
24
44
87
43
96
34
76
71
62
26
33
78
33
80
12
76
49
97
92
97
31
17
42
49
92
71
79
90
85
93
52
55
90
14
48
44
66
90
98
48
81
39
79
16
80
65
36
79
93
38
38
99
42
86
80
17
49
19
81
72
50
71
57
90
98
93
51
33
30
96
65
46
52
38
60
34
17
77
90
88
58
75
81
40
44
96
33
62
46
76
81
18
25
82
36
37
57
16
77
93
18
68
77
35
94
63
74
67
58
19
18
70
30
29
53
62
15
42
98
34
56
76
29
22
66
72
81
11
61
67
36
17
69
96
59
40
30
67
38
24
25
91
97
23
47
91
75
92
53
96
26
90
78
69
38
68
91
52
21
86
27
53
40
32
66
14
66
71
54
72
74
55
63
43
79
31
10
30
63
26
12
52
77
98
48
92
17
68
61
80
58
39
27
78
45
95
71
81
83
55
63
77
54
60
57
72
30
80
54
85
89
94
23
45
93
80
55
71
37
18
28
78
73
93
76
71
32
71
64
67
19
94
86
85
74
36
98
99
78
57
75
82
47
81
90
97
75
83
59
20
99
40
19
63
81
46
47
93
72
24
83
47
77
80
69
51
69
79
86
75
57
23
59
11
70
25
65
51
59
61
17
53
84
78
48
95
58
94
11
77
90
13
55
78
88
30
75
49
70
80
68
67
14
81
86
30
11
99
12
73
34
92
72
59
55
96
75
11
67
97
67
92
70
96
57
23
63
92
67
27
77
22
63
66
64
31
28
46
67
33
30
26
81
83
33
90
44
18
59
93
31
99
55
11
65
39
74
28
48
34
87
37
96
52
64
37
28
35
63
85
95
92
57
39
41
82
24
53
14
62
86
41
96
30
37
16
53
47
48
98
95
73
80
86
79
10
54
69
29
43
41
26
42
72
59
32
23
88
15
91
94
59
86
93
87
58
23
48
10
39
68
22
53
10
61
47
38
10
44
78
14
71
59
21
11
37
92
39
18
33
59
34
57
43
34
14
21
74
56
54
84
21
65
75
24
38
30
43
82
47
13
15
38
35
61
75
50
44
71
17
12
81
51
31
51
83
62
86
10
46
83
61
90
88
80
73
38
55
82
46
43
82
79
40
37
19
71
90
50
12
46
85
14
82
17
57
37
96
44
97
81
70
52
21
28
35
95
35
89
61
84
20
32
12
89
29
36
38
18
91
17
48
30
84
43
41
98
43
22
79
60
81
58
10
58
63
77
83
61
73
78
20
99
75
89
69
84
55
39
49
64
48
37
96
36
80
66
57
85
86
51
97
33
55
26
75
96
72
39
84
33
85
34
82
32
84
10
22
32
19
46
63
34
90
82
65
72
47
11
63
75
72
57
93
96
88
33
61
87
89
50
59
41
71
52
96
23
35
24
83
76
36
13
12
87
90
22
70
97
16
30
48
24
60
98
51
59
89
27
57
56
85
83
49
44
82
10
71
95
46
80
72
67
48
29
33
92
17
42
18
97
48
54
18
52
73
20
72
60
35
11
83
56
18
51
82
32
70
51
96
30
64
34
63
18
84
42
33
24
69
15
70
70
93
41
86
27
27
87
39
44
55
94
58
28
10
66
17
96
82
48
79
63
86
12
85
56
28
76
30
14
90
61
52
27
52
60
91
31
50
67
38
95
95
64
30
58
15
71
15
88
83
62
50
70
86
88
89
52
22
84
25
88
90
15
50
60
66
67
48
92
99
10
51
30
37
57
49
76
34
92
34
12
88
25
71
18
48
23
74
16
26
22
75
31
36
68
89
88
85
55
22
26
28
82
99
91
60
10
44
82
50
60
32
99
44
67
97
83
98
22
13
49
70
58
46
55
15
42
14
59
22
69
66
17
63
37
93
52
17
59
96
45
29
68
19
79
86
38
73
12
57
10
41
13
69
15
34
23
41
50
21
77
26
66
95
50
17
57
98
12
63
44
73
10
14
30
42
75
28
21
55
37
47
19
44
31
85
55
31
23
93
88
62
27
22
15
29
74
29
93
43
47
78
13
64
85
27
75
37
73
32
68
70
47
68
56
77
88
24
76
42
40
68
47
97
44
56
56
95
37
72
60
46
77
99
44
51
95
57
53
95
55
70
86
42
32
45
15
46
73
19
96
76
20
38
82
89
91
40
20
67
43
24
83
37
37
71
57
84
13
40
23
24
56
45
42
68
83
41
33
59
55
53
69
46
84
98
20
33
73
67
55
35
58
68
93
51
30
45
38
94
30
91
78
33
96
28
69
85
86
50
96
35
11
95
17
99
50
73
21
82
39
94
22
45
79
80
66
76
43
79
98
39
83
73
59
12
23
71
49
42
42
89
47
51
67
13
26
37
45
14
65
24
38
91
25
10
14
92
69
85
55
79
49
69
34
27
20
34
58
82
16
18
15
74
37
95
58
16
56
86
10
53
53
63
25
44
49
71
94
30
34
81
77
68
35
53
49
27
80
91
48
87
61
28
35
65
53
97
75
11
49
85
55
81
30
58
28
93
59
60
38
84
68
43
39
69
65
77
32
85
76
29
72
68
92
95
71
10
10
54
87
28
10
14
91
86
87
14
17
86
93
85
42
78
67
19
51
51
94
61
94
28
76
21
20
41
77
38
98
57
83
84
31
65
80
67
54
20
19
95
29
98
49
19
15
49
87
12
59
12
38
46
28
38
48
43
30
30
78
30
63
74
33
98
83
71
52
51
62
26
91
72
82
13
71
86
23
83
81
14
16
67
38
18
73
96
48
46
90
84
80
34
24
39
15
89
54
22
58
66
81
30
21
26
75
27
42
55
72
27
26
76
19
70
43
67
98
49
62
48
23
14
44
73
51
66
55
34
98
31
67
70
61
75
82
44
62
92
99
88
92
19
26
20
85
94
84
62
91
91
45
48
89
25
80
85
69
42
14
61
92
77
93
19
62
95
15
64
70
72
12
58
89
36
96
21
62
56
85
94
93
50
64
54
59
95
26
74
94
13
96
31
43
92
94
78
27
18
91
83
87
77
53
86
91
53
89
55
97
12
49
77
64
64
57
90
63
11
29
52
65
21
93
16
58
81
73
64
42
47
99
19
44
64
95
77
74
39
77
62
80
99
34
44
46
29
14
93
28
89
70
59
63
73
18
66
84
43
15
71
42
92
88
78
53
62
86
84
70
12
19
74
91
97
59
59
13
88
64
10
51
19
45
91
95
67
41
52
13
16
97
47
72
48
10
61
43
62
40
81
91
10
73
90
45
49
24
30
16
88
67
70
44
75
67
76
63
25
20
40
93
81
58
17
58
82
49
41
74
97
67
54
55
77
16
57
69
36
28
28
83
78
61
24
70
43
43
31
90
80
36
86
93
53
55
87
88
54
35
34
47
98
67
47
32
15
50
86
23
94
34
39
35
91
97
89
85
28
68
78
33
68
51
38
96
94
27
17
70
37
25
84
30
97
95
91
92
76
31
66
63
77
36
21
75
54
81
72
47
67
75
35
54
93
13
92
40
17
52
60
25
39
79
68
47
28
20
97
23
17
92
41
40
32
91
59
84
31
40
46
85
90
71
62
99
24
33
53
14
80
91
47
45
20
80
24
29
43
64
65
47
58
41
57
29
84
54
31
58
56
80
39
80
93
24
16
73
97
18
47
79
22
59
55
67
16
64
24
25
77
56
76
21
19
35
64
97
88
54
62
83
33
68
72
12
46
61
76
38
45
24
80
84
66
92
34
52
32
36
86
67
91
59
46
14
95
45
70
58
31
80
40
77
29
94
45
20
14
73
29
75
30
15
28
67
80
38
34
21
76
37
68
72
62
85
41
81
72
42
23
20
84
66
19
95
94
71
98
46
64
73
35
90
23
45
63
48
75
10
24
85
90
23
93
33
95
30
79
51
83
16
87
89
89
93
56
74
62
52
13
12
82
75
74
72
13
35
10
32
94
36
81
66
50
17
45
50
40
42
32
79
44
94
76
57
98
47
98
40
65
52
44
87
19
30
23
36
39
65
61
86
65
93
11
98
44
97
60
44
56
95
34
88
53
36
99
95
39
31
33
27
47
54
95
43
96
48
31
17
93
15
90
80
72
25
61
62
80
30
70
77
35
88
72
43
91
90
74
36
94
31
65
96
53
47
78
85
61
25
63
18
43
17
84
17
13
71
40
10
34
24
57
44
79
57
95
89
47
77
64
63
72
66
44
40
42
29
26
46
63
19
70
80
67
88
21
14
56
89
48
72
28
15
53
10
26
61
31
81
30
71
70
59
97
30
32
32
99
58
96
66
69
15
99
68
67
47
64
63
62
82
99
34
63
61
91
50
91
95
17
55
91
40
44
69
16
55
76
43
56
10
26
12
18
31
79
10
38
60
60
98
74
29
64
81
91
88
29
99
85
55
55
32
63
91
71
70
63
79
96
26
24
43
67
10
83
25
39
75
22
27
95
45
16
52
48
39
93
92
97
79
22
81
11
15
33
51
14
61
35
25
59
65
34
60
35
46
44
91
14
39
51
27
95
53
90
98
49
63
78
44
63
68
79
76
98
73
78
45
51
82
27
97
49
86
90
11
20
75
49
72
78
61
26
11
82
92
29
19
70
49
37
96
60
72
32
26
69
11
56
50
35
42
83
98
71
21
87
10
11
70
24
96
88
16
83
42
78
97
26
32
80
48
59
74
49
77
16
65
75
36
63
89
25
17
52
72
71
54
89
66
28
42
64
80
81
46
38
55
94
77
62
56
58
79
51
38
20
89
76
47
28
45
32
76
86
75
78
58
99
51
88
32
94
52
94
12
99
30
92
32
29
13
49
33
41
41
50
31
22
87
32
36
65
37
18
13
60
42
58
66
33
98
57
59
69
49
27
28
57
68
52
95
75
36
67
97
65
43
26
29
25
21
94
47
98
75
92
49
27
94
23
32
89
66
19
88
75
32
49
80
83
60
31
15
94
58
21
61
34
28
30
58
97
84
26
89
43
35
34
97
59
54
54
66
26
97
65
79
18
31
33
80
91
51
86
73
43
35
63
29
10
81
72
97
89
29
39
52
56
54
65
71
58
39
23
89
54
64
74
20
78
90
19
47
52
24
36
34
12
59
31
19
32
37
46
20
97
39
39
32
67
13
37
59
31
78
92
34
72
55
95
91
77
89
72
78
81
66
62
10
69
29
37
45
20
30
63
96
98
22
14
14
74
61
14
71
17
39
80
82
74
48
43
12
47
28
57
12
36
54
96
41
13
34
81
76
11
68
47
88
60
71
97
29
81
97
78
32
36
54
26
43
74
46
67
68
14
44
37
74
75
55
96
20
43
27
12
66
75
94
81
33
63
60
41
83
64
13
38
37
85
52
20
51
90
48
36
82
31
66
83
76
56
64
49
12
27
21
63
97
91
99
45
88
20
58
31
68
61
17
20
32
65
86
36
31
23
68
61
79
39
94
76
79
32
18
44
29
38
20
70
67
35
99
14
46
60
87
86
24
32
32
96
98
64
12
10
78
14
33
51
15
44
99
57
46
84
40
11
50
80
65
75
54
10
17
99
57
27
26
94
88
65
29
76
46
67
50
51
30
48
15
66
97
59
23
60
92
25
86
83
60
57
83
17
51
17
12
73
95
24
65
89
76
53
74
27
48
22
79
53
72
16
81
59
61
41
72
35
44
80
69
68
81
32
18
49
69
31
57
94
84
13
79
75
22
13
90
16
63
46
95
13
11
85
17
64
96
61
61
15
40
33
32
99
47
35
67
93
40
82
67
80
66
72
51
90
15
31
23
66
35
20
11
13
24
37
43
74
60
55
33
47
97
72
66
17
30
45
52
40
20
84
32
39
49
45
45
36
15
14
94
50
64
55
69
16
80
41
63
31
30
24
88
63
77
48
49
75
80
36
30
25
44
44
27
23
71
77
33
67
83
61
26
62
40
37
82
73
51
44
86
49
51
45
32
97
68
66
83
78
66
41
88
52
47
93
19
59
20
56
86
72
87
54
17
15
40
35
23
35
89
58
62
35
69
60
30
85
80
67
39
32
96
95
11
21
25
87
88
64
43
72
26
85
81
26
20
63
69
60
71
92
44
84
43
70
26
11
22
23
73
56
46
21
54
58
35
78
22
55
28
85
95
48
22
91
32
75
22
79
92
40
51
97
13
27
82
32
15
77
50
73
55
14
37
91
55
44
86
82
92
27
86
65
16
84
97
21
89
35
76
91
54
28
61
29
61
15
59
81
64
29
50
67
69
12
97
98
85
65
93
88
13
40
71
17
90
75
65
52
53
77
20
67
40
76
80
51
11
36
29
66
32
59
58
96
51
79
21
11
76
32
74
41
98
80
45
19
66
20
89
61
90
27
40
15
19
52
64
26
96
96
82
73
43
39
42
29
99
91
95
59
92
43
21
99
28
39
41
87
64
31
99
35
91
70
10
25
28
58
31
55
46
90
29
52
69
67
87
66
67
65
31
95
70
10
25
34
70
62
82
92
62
45
28
40
85
60
84
81
98
57
10
30
22
37
22
61
78
84
21
16
72
83
63
49
55
50
18
28
76
98
51
87
66
37
98
28
63
17
68
99
47
60
37
43
87
30
25
29
86
19
89
37
96
39
76
25
21
64
13
69
24
11
28
19
88
61
45
59
59
23
23
77
12
26
62
80
95
86
65
53
13
87
83
82
65
56
94
79
17
72
94
49
81
47
83
23
19
91
48
36
83
47
50
61
31
90
89
53
93
82
41
24
45
44
62
17
27
78
83
76
81
27
52
94
99
62
30
62
69
73
16
13
51
51
37
75
28
81
15
24
15
74
41
85
39
38
33
65
81
89
82
57
49
76
99
87
99
44
89
63
53
31
69
45
80
90
59
93
88
42
22
38
57
20
33
39
26
99
27
73
48
66
20
20
84
29
28
29
67
60
77
40
22
72
18
71
17
14
47
98
93
35
80
85
18
70
98
29
72
99
24
34
32
88
74
91
40
46
84
58
16
78
62
84
34
39
95
29
19
79
72
37
48
90
80
72
22
49
87
90
42
50
80
15
13
24
31
29
89
85
64
56
65
49
59
33
59
81
14
70
90
57
38
47
67
30
88
42
66
48
47
57
58
66
61
44
25
53
66
94
59
26
85
73
84
37
16
30
70
90
73
91
18
50
63
43
41
22
79
10
52
85
71
30
20
62
80
99
10
38
58
15
65
68
79
39
37
25
30
38
51
19
25
64
73
33
38
32
70
28
72
72
94
14
41
78
51
88
81
55
65
18
17
74
10
60
56
18
14
50
95
76
96
11
55
63
83
93
62
81
61
25
69
25
76
66
72
14
57
55
37
91
16
18
95
73
68
81
61
24
50
67
36
66
83
39
19
59
33
63
41
93
21
50
82
98
12
58
48
33
47
76
22
66
78
87
28
64
21
97
41
43
44
82
12
91
95
35
54
15
66
76
91
25
52
36
95
81
23
99
46
83
81
18
27
42
68
21
83
87
93
52
42
92
70
14
87
82
95
80
59
53
95
24
40
37
48
44
10
68
50
42
68
78
19
92
51
66
49
42
78
95
20
29
15
66
94
48
60
88
79
38
15
61
89
79
89
51
14
96
90
94
39
90
14
18
93
40
58
76
74
57
43
66
40
13
16
88
91
37
48
65
45
99
29
96
80
27
75
66
89
42
58
23
31
83
91
58
17
91
13
71
29
17
37
36
11
85
65
65
47
99
62
67
51
80
89
51
22
64
50
33
92
66
39
83
20
79
64
17
28
49
59
94
25
59
65
63
50
10
28
50
67
94
36
94
61
79
33
87
70
91
77
69
63
10
46
61
30
63
88
36
35
12
77
92
49
51
40
44
93
23
20
97
74
44
33
43
97
88
68
80
85
89
12
11
53
15
14
86
26
74
64
65
76
76
93
59
53
35
56
33
63
12
77
76
97
15
31
17
75
86
95
53
11
84
29
85
27
46
25
21
61
44
15
24
19
65
51
59
13
98
69
36
31
74
99
97
55
37
91
42
75
60
84
51
24
21
65
98
38
21
74
58
40
94
24
87
25
20
93
19
87
67
46
74
71
34
34
62
81
50
73
17
73
84
99
49
29
84
97
67
45
