991286788
691664840
1805562018
2507193582
3561967055
124982594
1660062338
2154556782
1435494004
3713857078
3855379548
2946653723
3639070844
3157304752
1861316340
3443734613
3475373461
1765587137
4294355436
822285159
1987077845
2517526831
2976577431
921153833
2501771693
1055177767
3928581597
715151383
1392508565
2492319070
4283705863
2312652804
2451051683
2093982278
2638347856
468525033
3997867575
4053947304
415513897
2592925398
2681192332
4059013791
2336625103
1109290010
979502212
244406436
1403223002
2340392826
401305366
2044228552
1541461786
3341880944
1918548284
2046848825
1695974774
1579667075
3013545532
3298951698
702447327
3056821011
1241258984
2543569167
1791925534
524444947
1271154538
1410594548
3690389922
331844884
3767204500
3458566384
324813594
2263846434
3868193746
3056143256
148733147
407775133
3854202587
2884571974
1495491938
659673529
457639461
2529002571
3140673852
1516908752
3451463071
664032290
2464966616
2112806631
717406867
2685242250
2899792711
2316000340
2440781709
712966358
1836513362
3297676936
4065046717
923411831
1162530719
3972063959
2030397929
3437071710
2740118178
1027972628
2950343526
3100207424
2782980290
3442017768
3779923172
1706138498
401104769
2012924580
2127407980
4189781128
1431060600
1761136387
1021345302
3458747897
1900246590
3043219574
3667125213
3749119510
1202401446
183421696
2703621234
3909570952
1771240621
2448693808
3042506118
1975354999
4049435680
4033460357
3979919134
665627411
2906865668
1098437150
326518453
2990787404
2951982960
3915200261
2805441615
4047595228
1868587909
3591514507
3047985620
532061881
3161357481
3331738741
1112724869
2508594199
4257442410
2734142344
1053497384
1526635553
2412327024
224149547
2937821413
1444137557
2168218487
1568970167
3372381822
2628877333
3092916292
938970293
3940731279
1145284554
662930296
696103430
1576004912
2573841155
4253421717
1499781126
3508901384
1758271132
264602104
2272247798
1503337095
743385100
150673507
2250235657
2162701375
912597055
2178631004
419389731
3258812074
2276863879
2935862795
2399478010
1438262044
339517818
2051217554
3722915479
2017685912
83752828
1289896192
3410360459
1081833248
113781911
155633023
1363908034
3784873093
3391529072
3678830369
452233413
2112123877
3457355077
3501051675
308457109
1022426924
33120563
2011315251
1962510841
3313836487
498757475
2533797940
793498527
1789869628
1836606124
3169125960
765156144
4053880343
2134466009
1008786961
2612277254
3783739927
2885977030
2915796637
1999090441
2990418458
2133143125
3379614751
2646637626
757893288
1989496060
244168187
89032902
3689644718
505044079
2108916923
2955570154
100155059
1626115371
2884616343
259494329
125043908
2050823516
2313296390
2405074230
502403031
3547983418
1354322895
7905993
1366100448
2906923032
3144830029
2767154309
131016635
3997795179
2209284929
243135130
1641955238
100253760
1401526967
2807090745
3097112658
1876456339
1335972192
82947141
1074675522
4229947464
2750909995
206340031
2024101809
3984753817
2537228216
2380868407
3849630676
64208849
2856778769
2121658527
428334150
2977704081
2119017452
864677712
2276903068
987895115
585471019
1141037906
221406048
3105262132
724666959
1127029626
2458092471
3030867682
157013527
1066569716
2152650716
638222388
3288609656
2392437338
4211226535
1505761657
278534905
1646317478
3121905646
148447061
3321456620
4053572218
2728403502
3576542900
508473383
1492251147
1235311604
588575843
2722146632
736805770
3182629755
934321307
3239542289
3120545575
3798321116
1574976852
1263968916
4247235449
360625777
3717200957
620508161
653821578
1074011681
2449262552
949801852
2388615957
326034042
3600737826
2787800880
596850835
2079548506
2560772652
74895990
3013964269
980108550
3649933
2064452417
233285902
3066238349
1257793011
1291191008
1170747179
2497788424
1960090145
4007164637
2614047503
241508787
3729809897
3169612401
2108211604
3615856901
3113502323
1561191664
3934892734
994722874
1846555051
382462669
2896314015
3429407671
2391374740
1631408057
3247795189
3593570452
338647146
2761982449
3632302729
2155634432
3969044021
3643073496
170622106
2384425904
637013445
1053803823
615828269
402629884
3258502918
345755111
2945977598
3025019999
3154531710
3099107391
207056352
3708292885
623778220
2191818556
3678122412
3173175201
1391849994
3950539855
1586386108
2793759859
1014271728
3013755486
1777055508
1056806569
1871469340
2769071151
3222227402
3772899843
4084404550
3389712649
2223035371
442941481
2810689665
1044621464
2041680628
3532768085
3323372341
347940795
292501061
2534065089
3720239998
1158483886
1765153210
619473109
2039448173
736644118
4236662539
2069147240
553334766
4097424603
1219439895
3019589678
3242305851
2542138959
1127923301
2686209752
2278069275
4082120996
1317652469
296268671
3186717304
906026061
2085795763
169725050
3869196894
3996088440
2342475350
2328857097
726063923
1866834580
3855301107
4082648237
329074507
1904136246
2309527274
1088366732
3029983637
3014471052
2191022488
3270788355
2535397486
456643012
703932880
1770193603
3841728370
1123504639
2674252747
3385743154
1370150830
4248317401
1893882208
241861673
4159707262
1580140165
33370818
1459657026
3658769646
100618261
784705559
3499592719
2977772415
940066104
1738250376
3654927525
1545309104
4114424997
1846800322
183416488
1724019418
2563366070
3262854323
386167720
905317060
858032208
3845513522
538350956
3164593391
4116422976
4110325619
3545123011
4289622808
1861527671
1036178280
3184659530
2971677256
378623404
2093094206
4025661350
135702636
1866133275
1338285774
1656946928
3811186567
1126999114
971119399
1899428213
4265352942
2596810347
3439455270
3859720951
1759184167
850071037
816272729
719696438
462924695
1026981489
606048122
4019194122
830560198
2270934645
178513159
1076647568
3203113660
1730456726
875565548
1311345701
935694551
3274236043
3848062207
2789999190
1838842916
4050188566
1222834561
2142576103
1964138528
4054413621
1592751343
3183102601
1590386284
812817950
354430351
792958663
619767398
1331259533
211063521
676656344
2861227803
2331184039
3619295751
422289350
405981430
898618567
1708979247
2385251416
3516119120
4291011758
4255425312
3494763462
2641329116
3664286499
1978017785
3794795059
1089442524
146420851
481321728
1213363090
2385357489
2097952577
3932260294
1499264300
3450342065
2782387382
2720382340
3838219367
3761361806
1797164206
1013699385
3454971040
3041791289
860284518
1287167595
564953018
3318980462
1072800278
2830902515
3511708005
2574111875
2016702879
2500859986
2640126460
2732845880
3188884327
1353562334
2811260752
255092387
998600308
244057772
3719854620
3931844430
2727467479
2608569944
585180382
4125571774
3581376951
1361159066
4255022756
1193690616
412289235
2173616611
3290035637
1458809561
219689847
2399090767
2858136156
562360499
2964394562
3973900963
3454442509
4045050741
3249683203
685297419
1586015571
4215616773
2183375566
3115943441
3707359591
1677069486
1203390306
2954377742
219959572
4229302608
889878205
3398021128
1274588647
1360820893
1438883072
790691263
3987294453
1617306284
2952026748
987554659
1394382568
2517555392
3920394189
958330032
1676235058
3158615334
3804516290
38407334
2430574531
90636424
3049312340
1839127522
3195370555
1374485477
3896698030
3584997954
966635896
3707853067
1347889907
1265334155
3278487312
3339896842
1060367503
416851824
2952103969
2960886920
3136651617
4253933162
111950123
2127442107
2721007895
1593723717
1375668452
4148495000
2322488161
4144065596
2191606346
394057575
1390440776
2065227985
2127400949
2708452922
2621321795
411689326
826686701
2766174691
171341114
212508457
1595631150
3080233367
3667918249
3397580733
1238735519
4263685899
1101288520
3570041196
1472804456
2197966978
1792729417
2602888595
4211406177
1103218984
2623808104
170652870
1848732776
2409952374
3525449673
3468160571
1689226269
1686769934
3138085830
4132150490
3932932324
2452611781
3846534947
1789528234
913945258
1107070429
3679588852
2584504555
3354659076
2896339944
2071766214
3462085872
4100796851
2582724860
2755723391
1756926795
3206454199
1825728678
631958719
3422737971
2047241780
4233202583
4002532455
3997436143
3873924915
3962225321
551532811
2414384388
856568372
3319864192
3209573335
3404058408
1719340397
740082555
2023327177
3804740418
114015203
359352147
1600676345
3800180088
3579303639
1731461933
47217156
3652677095
3940180313
561746056
4138643316
150944137
570721758
1029636238
1359261249
3839813845
2982351472
1478838864
1539544266
1826426021
3082982859
337708541
4278144907
372545054
4189706475
67184222
2631335398
2663605342
3570442690
3002095579
135199137
2072111221
2702177394
1158492746
1382842522
1003922270
248874941
3420225832
4112785985
2566226952
3391408344
2543853958
3614526048
2642973294
1660445089
141923745
1773189705
3878961267
978697950
2150407034
2590701414
678031478
2603585284
2592908586
3891515685
2572386846
4271791347
1724959093
3214146767
1707974058
1065249873
3103663052
2972984755
216268430
2884947098
68592561
4159973803
2702017394
3693152033
1790088861
2005994844
2531535217
2062712975
3556295065
1605229171
1174713111
215288020
3154970970
3870570343
1738576155
2760392390
1504747421
1073792944
4135289749
3007073298
286539804
1794832169
1529343688
451269740
2189293140
212588777
3887047091
520266657
3367454093
1638844342
31693529
1336848303
1929437399
121184897
2471143851
3632097850
1343913211
639647891
1320216222
498734588
3065651168
1555630076
75722206
1097895941
2554592668
1877214099
3236641940
2208467285
2503580732
960099904
2967760358
3597299446
3815761384
2284274828
2050395012
2995160340
1543578566
2192309767
3564328601
578315
3683923925
1517276232
1688589542
3621156502
2755325404
2464253153
4141687863
3220462056
3087225234
1038798230
44720348
3271216619
1101825971
2219367157
1730224537
836054109
1181113535
3995636201
4161517528
698376878
1509827079
59120604
1712846165
3363925170
1552317192
2043592202
1421740747
1336724453
2598723150
358163221
3785562190
3768774590
3521867591
1400279314
262364861
1241728199
412580478
2161176416
2826676954
2573515143
2374705530
3425383011
3400862296
806802065
242791497
1600658568
1678454521
3294398985
3226823247
2660005778
2911013942
4285070348
1411243580
953920636
1014997651
3067292867
266145064
670662173
3201267421
3498093449
3200321614
3060012298
3292651627
3869609866
3439983236
4258943537
1363339334
2597603103
3312300135
3321059784
615271648
2196041328
3545402655
597440371
3782440610
3540084110
1536347891
3185135217
194931243
3398585658
1536639995
3134141902
1089000491
3400944899
877974854
994718052
3353848570
2624228043
1781394148
3816417886
304180256
2385578781
1782554346
683548599
1456037634
1538104823
3032479435
4136590946
3614913570
1782536390
2861917536
2159770694
4005994848
3237422323
1724364279
2693509666
2212766799
3402704143
3891618988
298660457
1911071209
2717721525
1520235393
2900528508
131926648
3723765851
561281707
2771097525
1626065136
2283066336
2850068529
760137313
1738514461
1727125610
3785086172
4112216494
2877287493
590600883
2010456600
4234896091
2006230689
4075485743
1046986718
2826591957
179563533
3533323490
2037335925
1480049819
2941976157
416503214
1788830419
2527319034
2044923804
2562616568
1066689371
4032511867
4028075740
292700887
647901210
1164328327
1543756051
929942594
1146984674
582826895
4188992431
3093227212
2300823645
4201193199
1645124019
3891511666
738910949
3315907038
2517397764
2338785359
1783161097
2124754046
2531548703
3585179318
3481020915
638047588
729528767
1327377377
792122205
3800878291
4160087813
3123319907
2975422283
1215881539
174218616
913838839
1200141222
228524140
97551683
1311756108
1278601119
178107324
2900482569
1822722717
3324777067
2073944983
422330584
2515734398
569449382
3420715928
1744210017
222206280
1810356986
52504575
2259690434
1348063798
942547711
1337661355
734420352
128939935
4252818511
2656787099
3536419818
3474771876
2479456252
76772346
2849776706
3423934078
4084691292
3714898881
3870095849
2111451235
2072025191
3247242654
3818176648
2452394505
2178570555
3830184953
3293502444
116170812
2742422713
1917492311
2118000546
4255976601
3245077968
306980248
182005650
2266858504
3985920456
576728336
199848627
1293551493
3804852475
1406524990
451583191
4235080845
3449999713
62361687
1989406512
3240136115
135269570
979135833
2816309766
859169301
1690679829
319169218
4185013499
2834837286
3388326052
702325914
962160728
1746302775
1083693955
1319816206
3876945312
2058749136
1301180164
3656207371
785272905
2524854518
3994050329
2700768457
2172754962
1195778817
4013961334
914019149
3039352124
1021633730
2669285474
210211437
2694814984
432607360
1760402809
850999130
631987391
1499894084
1096358920
2598632904
3087311789
3674726256
3748035134
4051979937
4277384495
4289835785
2016910498
3250721373
1391544381
3094822295
3648673101
288564596
3148421354
2500918334
4088501902
845414638
589678961
1740442607
776696230
2484445954
3050726819
2690453551
2070347646
645204715
4209365192
1145877632
1420122294
1572346199
3554583746
1421542050
3294259873
1886440366
3741474758
3939489442
4218270644
3835720009
1453544822
73984776
581363261
3143534563
4120632513
2374729558
2827936672
2319307738
1874270247
3842461039
3345722218
3969729175
3571598265
4198413304
2345204430
3154150677
1280927989
1265701765
3251775964
1709889822
1169011576
2607434302
3115778704
3107720638
1182102854
2038760540
48491046
2438595912
543117942
380432650
1318661614
2389569903
3304657726
1462683048
886060459
618868317
3399178748
554301905
395756058
2658959037
227469968
1139668041
2459851994
2913897156
3219552756
660256049
2422575695
3498115947
1522526630
3693756118
2763076869
3743411763
1871319320
2699929853
2187531629
928699632
109916515
562784877
2686800671
591773610
3261307211
857233881
1722914787
1647848780
3586928822
2207768541
1659222910
3290612532
1905088798
2612762810
4055488892
4107202582
3378779120
2025794719
2086331186
3508755868
4217610503
1566179871
1950653163
373602650
2623587987
4237610195
3564661873
1921916872
503467701
3099111030
1928738683
1234770016
2640015158
2374117368
3066381380
242889905
988205150
1302012508
2012455394
1158497066
2524753293
2982935209
1742436002
1616562597
3072953737
1705236656
736191991
1735240844
171927393
2435976479
67833339
3575067597
3420223891
570145500
1117132267
3754157816
3278840271
3485009270
385695391
4117832112
4084859632
2620840644
3130611740
3413714078
2735644377
2372568694
2099033479
46015948
1593772983
3003109880
944712467
1513830143
240621255
2313589793
2549871166
3051638515
3942211966
3835357113
3579194078
2433720416
1171604692
2045099710
3431744591
637382384
1606132269
1435694491
2655355348
3828240866
1903513404
232121799
63083534
1084294077
3465144531
1613626240
2312877259
2053049149
212091031
1973514939
3619739757
671464896
2942325503
1986512995
3056208615
764713319
4180938634
2102095154
4164897148
1529207019
3017489894
3947051096
3873504684
2947273786
3863649465
3904290971
4186705110
2560310354
3856173018
626117037
1903806731
3683416420
210989790
2420125528
794488729
945930243
2872165274
3790900024
1424604918
4168869245
89273357
974602628
840446764
1122964018
4139553734
3879888963
1660770431
2919498960
1746569083
2613321969
4012274558
2026721294
1648539869
2796033722
2917501591
1903895893
87260463
4231447418
1661908646
2571776922
3291576851
3828857344
1006879681
4247455926
2805521229
2325641085
62172813
562294301
1325289218
3080004617
3544275407
3797071277
3486961366
3638678560
721868639
3660983598
328668772
2005599866
395005670
2428845493
1841938463
38439033
2617763079
1074553771
3294480136
2774807454
675551874
1164087501
815697856
997565250
1340107602
1033998253
39018404
3606395786
3583516788
75993732
3131217155
3129022226
4270823111
2539079413
3064322930
994785822
3531348660
2582810708
4027167006
3396216740
2349115510
2158560131
47618086
1789469434
1332345075
1995541572
3435539186
3078848192
795547269
2173759579
3966534704
2217652158
3331840504
2653875657
2239048881
1405763625
702848997
1548814605
762645517
1500156021
3904159483
1550200783
2801019392
1695210772
2905098382
1557147318
2540896816
3622904065
914639871
1713289859
1045335610
541562639
1804649670
2033925778
665752610
2692327221
2328749651
3198542648
1636992578
2648570566
3896416055
3098862886
3985222001
992343283
2688304608
68973734
860111351
2281777846
4061654514
119439640
1168313166
1601615309
3196523400
2634525036
1372516923
3597021049
2953747555
2388785909
2400750600
2181484954
3344656572
1206313830
3159656885
749133388
24882305
4075319167
783232798
3156914526
1340617467
3312004806
749239525
3014902552
177543367
3218331599
177030211
804409826
1067318498
2129074611
771631897
3639952986
1937989986
3800475296
1484042493
3153376940
4218980465
4050866645
154454934
3218403407
3880612736
1262756086
284311100
2111072699
2503387239
1238159217
1828456530
1575974726
460868602
3203409023
977260405
2814482966
572245682
979060640
4164346009
4028969331
3303985064
1135855950
226123238
2048483996
1141219680
3617315878
3690308942
2078921672
1495657923
1546856382
1887552737
1969263644
4108238574
1005736092
3103277480
2854331287
2917067816
612811152
1339662184
751407614
826134705
1251622406
773134998
2305618512
3919387472
1697369651
2376231047
4136291917
2018398481
2068757489
1706296441
2699416697
3723438896
3207119501
2599123166
3053821862
48550380
1659222836
2756237078
3426491795
257749429
588929971
483023449
3368734357
4271501986
247741779
1521160914
120969989
2529368509
3690832034
3261106606
3370965907
3100843244
2135991351
3862776912
1484988345
865773801
2034308797
97059597
2307550475
384277261
1422438562
2719490834
2559582771
3992549695
3000252774
1288663511
1263988892
297455557
3170561692
845980835
3195636240
3201350837
102742572
3670058647
4244710206
1636474599
224516986
3819409049
2365462777
2696770983
1131202699
3141823866
3532215522
3180179099
632798698
1213005408
3948065107
1843926422
1075424449
355881199
3658525277
309247186
1112062284
2577109522
3312836600
2710964429
332778425
3706423663
3890846477
3925500730
318834709
4197941223
3888512891
107626687
4208718977
828223974
3403820372
264983685
2767336197
1452319833
1843069121
3100381743
3973059538
4194115966
788083960
3167095916
3485413541
417250743
1801644801
828618347
1454458576
162503813
2471058580
3944151546
1444016257
3867182824
3706511506
140004408
3347391511
3759673027
913447077
2710604581
2511178153
3356879461
3066529939
3324397225
724591091
697562750
525069406
1153132854
3362980197
322008876
444644174
3688265161
2718692417
1417140161
385295180
3988913515
2229030969
241220613
2928536755
2171551365
2351520841
2189393427
3056851698
2591273787
2684425585
2954064687
1637163027
1359940272
3962428987
801957986
4043548083
3157849803
427651765
2775394861
1237321610
2730585871
1406605725
1611584760
431820495
2724085497
198484670
3740071568
1783950073
719959134
3642468171
143627547
935044500
4190726265
631058892
2995903644
1536520926
340082721
23750911
1135405886
2986456227
1104051953
3714997643
3691210402
2636899950
1549581615
3148983591
2618245688
536537305
1708377851
2444520985
927201785
845998499
2713487548
3122430588
3311967789
261640238
3459062120
22198333
1380529534
1049405768
4204918060
187391587
1997932164
3653188598
2959990594
2990714577
1542185014
3136007917
856932589
2099093847
2015705491
1830793646
3915015357
2399500984
3078498284
4182149947
3380156702
2098087400
438206363
2418998670
2533478966
1527114457
3443609600
1056612866
1181171511
846871401
756100572
3784201232
2713990996
70307274
2857311562
2535481218
3068346651
547485060
1857245684
319383642
2988001157
2392686045
3648252361
2146677721
614349719
887960575
1392513097
283991866
493986874
1959688463
3216989574
2100671852
3011817749
2687528187
3703510950
729624715
3361588290
69208365
3143463409
3566963465
489553569
2984201211
2571158506
595734296
2995088925
861625208
914707550
2635734758
1463903833
976076812
1606926607
1688937353
4135055968
3644031539
2025113114
3203086887
1637148449
2418136683
4106739019
3167550790
2351624211
3420457218
1727853901
758249714
3059305925
2675203076
2749252354
594592546
2046980768
2726151767
1067117790
3696879131
2125269586
1653668111
3681116043
3566650215
3309680690
1569937711
991345268
3480955275
1937610304
528695521
4131599036
2198493191
3655373561
1030008810
1173969024
1601470089
1895990585
1488695972
2160590956
175727109
1736566028
2002607159
3555187762
545108175
496000844
3563278375
3304900736
66910610
1060445319
414530937
1332479675
3043524363
3684039347
478795008
3020588666
2387053683
449243839
3749426217
2860972075
1485441990
3688189073
3216194476
2790708326
1675389690
161919631
2580826017
2377996381
4184201294
3993618026
1536907907
2778187272
2929771189
3348973860
930279273
577354853
4126427231
3338586346
3027642053
2593496328
602793847
2569010905
3228499417
2057052375
4190035437
2002272600
3061370001
1199439999
4002261199
3266520498
3723276260
3749898093
3706539514
1032855701
3057587104
1772225433
2473893578
1203641477
2916926000
1247861700
2624891827
2409353688
1962703989
2620952640
2709163611
498451539
3856643622
938333232
3212391617
1219529197
2568747124
284721768
4152414426
2088012403
1601475858
3242095008
2652105080
46087846
2456768178
3109030443
1588356362
162562371
2547546403
762944728
2579067069
1547176486
2759931333
4241342764
1435236835
1179289767
464244802
596625694
176626592
2131575818
1072815155
885569325
1245048246
4139731608
2408854307
558049234
2077924977
2054550551
2384860236
3783297468
3380143988
848204314
2166837299
1552103667
1806383118
878724501
909292452
4086114748
1735536267
1569116329
1860712886
3541245647
958875358
2443762184
2410983818
89865042
1758381884
1955564518
1998608044
342136378
373854076
2603060985
3405557507
994698433
1835573738
1960865581
3073943097
3117502758
2546988115
313967275
525238934
2783969339
824722427
2913789415
3714310161
3423993544
2620367047
1507851967
1437770232
2679248381
1040866499
3016586607
1787790228
1972819994
2436192057
1484250535
1471243544
610154796
3510688845
2571013202
885682065
2815974575
1046074396
3532053675
363252977
2370767469
2512752098
1759560681
1939260027
2880037536
603602025
3649438206
3810819961
884166269
1418332128
18306338
3245187982
2395859069
1911072682
4233514712
2618043528
3968172117
4174307841
2913901446
3628861726
3056022776
1702016089
3579553094
3110789338
542557842
1657197908
1668218793
2276835291
1242953330
2169908146
2889764064
3513523983
1778085794
848041978
3873490128
576152696
4146815206
1082129368
2889613427
2243652149
716712079
1262563126
3439350143
3782996228
765707039
3844808886
3761865565
1730210048
3304633990
615924469
937489293
2521487483
2210217159
848991086
2089555649
2227464563
1195541062
3819691442
2583916776
566694551
2621339603
916206933
388199493
1894782215
1851594520
801065051
3527007975
741086044
2458430015
3667694901
2031660490
3760035824
641133276
4151102460
1437084948
761331877
2869493649
894690748
3888552277
3286709743
1695878130
2663478627
2197782748
3657152982
3725799972
1403743304
2986784914
2552718362
4284031608
1917102890
430399853
3703284226
1323269585
2189559661
1800343624
3805983577
404343410
2022052081
2394344650
3090269652
3491696260
3603292513
2472407545
1994969784
172495365
3541699993
111857878
1998563621
626231436
3341856648
921951605
3815166259
875848483
2259118091
3963101632
926323612
2358434607
3180888410
4288118507
1869709346
2096514092
2875648298
1241081626
1046765462
470194946
1735244537
3525663644
2883407507
217418783
4023750065
2677458228
2995402669
1849652108
2540873835
47980755
2383514508
1763667056
3496078461
4143357104
2662113425
3557983524
2906575435
3813862926
2774589279
2003774079
615047160
60007828
1139107388
199876171
1011256311
964454184
1395617127
1941963490
2200701007
155716181
2633175679
1127031441
571171696
4011993715
1742582616
2680358559
3413962415
659857184
1237117666
644558420
881644348
3380463468
2376381693
349219505
3505346753
499913085
2536845400
3753542647
1766176661
2400017889
914556339
4237099281
2546659401
504663195
2915496883
113233253
796538450
982057319
1263533445
1323628743
1793150224
2462420056
660802421
2195095418
1558396991
2196942127
411731404
3150960575
890140071
2960667907
1110119040
2418009419
1046748177
1971198617
2627220580
3558575001
1397118993
1572634441
1597934425
2611321011
1501802522
2660319162
3337593544
1755472911
2230524743
3493500185
3437312817
1972414759
60603720
2982329052
169304138
1514781506
4239819818
4242379843
1484124792
2109757768
2773185565
592392808
2766886287
2063586787
2269343637
1686944362
455098070
4059916424
1954084084
1909779153
3324840837
2883896496
317893581
2294224611
1638725795
2795128858
1094193479
272799331
739564128
3026591970
4263432152
2459240589
1509578025
292947321
545448686
465769007
2123953004
3877704886
1524534698
813673950
3123475710
2330736231
395379415
2670330810
3738008962
99679105
3226872628
4057505569
1693349922
3257103685
4270943352
2916678400
2343080456
670097839
3068885979
3602773941
3214056077
1642827571
197103494
2889216262
2505007225
3984217125
3034096676
2088956577
3812888357
2192650987
3971350696
3978158118
4129271173
1181051273
2112099454
2555314697
3725548955
99587661
1486296939
181822225
2609358620
2561399222
996077120
2575444417
4232509209
2045954277
3868729286
4043197674
1946676757
43840458
117879773
999646895
4072392502
852126487
1393173460
2276137230
1017768386
1022413366
598831935
828714441
367220458
466249961
2289984615
1604969419
2682143828
3721445947
4167939994
1816681069
3640665089
3043579814
2513484154
1171614297
1688252378
2527431858
1249085163
2289031103
1895576543
475466930
3203676473
292925296
4210634962
1568874147
1421856237
3473008338
3105862377
4084864489
879747654
2442538806
4231362228
302867539
2704640803
1342630032
1862875821
3902528415
2542028851
3348683348
2883770421
843148206
3893980792
2493487818
206120680
274489311
2358369125
1037078168
3613005325
1364950297
526751230
298056554
3433382675
2615091954
3865580265
2684254078
1606911678
216346052
3056303288
2203376598
2912182652
789803664
3899277851
1459783878
991643496
3581171808
719877983
4125305505
2489505220
1541048389
637078739
124395722
1762937093
4119558864
2325445550
2638610182
317196204
1430828244
1395157418
4187275790
1707249448
25145599
4123176755
2344972185
4280611281
1226751722
108634141
491182489
2896334435
3638520214
3621517615
3235368128
421786180
1078084042
969242078
2515795481
3332865808
3341074966
183800134
4058269084
1972475
835311220
2317841283
1578887685
2937603988
3144142251
1408797329
625118910
927572798
1068023305
2810047789
139870553
3864581940
2698329502
1456604900
3641570881
2408131722
4051919215
3868381323
3402225724
1319004214
598630104
1337424566
3647985879
2111120830
1018605029
1101637389
481375343
706041604
2157772179
658634276
3557055521
3217771457
2818352569
3922526557
38864623
3572959289
717591953
3501960792
3304406067
600834893
1210914832
3246956928
1078227886
1651869509
211859227
660927358
1756425402
2427260490
2936452286
3573594696
2942275003
3487558970
3362059517
3626597592
3647994175
4149646993
2360532085
2369015628
4053050055
4271054810
370571825
1511961472
1136258571
1980027222
2444348581
3712234299
1199268129
2804436712
4214551182
1085058608
4104970794
2532334040
960427731
312190350
3323654644
3255536793
2550849937
2841535629
1835176671
1679576913
712992030
1760209652
3207695870
1394965126
4107506507
1661777086
2347480681
2674016360
3309654156
207947689
1129168772
1260817342
3077698917
959166303
558924083
3537948162
4016269163
2018506711
3153442745
563566117
3579248617
4122056514
2000167202
2874560635
3509663936
2584627567
552093835
2927667709
784445502
2779516722
3724600936
470401720
363114130
967976067
91293205
2371749216
633750767
2856689840
1406834150
2723932234
167006239
1601178002
1400608689
1908920132
37579791
2589350267
2839618180
3606991251
506925702
3967485507
4100916412
1609871985
2715065591
1913432718
3721025281
4188297114
695200557
567598018
3071326168
698859721
395507884
3121084531
3072932850
2022515560
1464820776
166429444
558142906
1523011916
1431544190
141223043
1687318386
3966186704
3901311198
2308615275
1487077153
2504764982
1088744812
3597705868
3817418375
1539109333
1263965927
2850503700
3699540679
3722498189
2524627501
1519940309
29464503
579024217
2081864098
3407761994
3340569817
674020583
2268749443
3453870142
785362217
372029139
2021211033
777710863
3440121355
3802187029
4171130202
1545805297
2187342375
1935070584
2612968222
463269565
2313438701
3231259390
2410917288
1144809757
4152795949
2109839485
1704584594
446056784
4091869464
1499645350
1867595293
3024702781
3891412355
3752428045
2604015636
1753498
3523677684
1240978660
3415627026
1154961290
481531459
2485844150
2591517391
3507095723
3580283809
1081494934
3637158597
4022888720
2243092269
1607214439
1217117258
2286518845
2937551651
684254341
2692024029
3050540512
2708221522
3963956861
3461049983
357381257
3868514180
300996099
2373777306
93440501
301964832
97028930
397879940
1156603969
2769233275
4094215036
144460921
1362273690
1026546792
1430572694
1597451962
3985950553
2543628663
78857400
1910103351
1566170786
51142855
696011398
1801758803
3858529872
2075165717
1302853525
1206748823
3674812091
672549601
2949324510
1757598092
2625466269
3723855208
3195322633
3849240908
3822407325
3004432553
631817474
1008790665
2004966289
3619529834
3140353273
4039211238
2042897652
3441694328
624961130
63891246
2887906884
616268817
3122124847
913256927
2299678597
2395231083
901988301
982282367
3074542489
1044694605
2405892480
640979736
675347612
4083588587
845975552
4068835415
1750739312
2609128382
3576127059
2784587262
732986390
1103948794
2244248224
2100495256
1215059682
1624295793
2783560692
215524817
751228458
2014015436
772837252
1547953697
3147405535
683594132
1262817239
3753294695
2186653170
1396437330
1689081503
2768492533
1486689690
3822526943
1634800798
1333476313
2496231052
1065644425
2693858976
110808687
3333255595
4284003428
4236114449
3308596795
3440046033
713757722
229183184
1739751474
2233136505
3723470765
3767929044
2740043641
268342621
3597406101
3668774182
2804012309
892798553
317390091
2707559778
1857043500
2103054581
1363691883
1402995138
4202370875
3993156462
2589238842
1610693921
2799152854
746959344
4038467824
1852579769
353026092
2564406683
2673428416
1524995536
1484334971
3430298087
1703509286
992512902
1622715715
666289703
1297172667
2391244390
537383672
1761505252
919213006
142214886
1798757839
2751198950
1664625354
115116599
1303621253
2854674111
675395326
1667861393
3409242558
2998240570
1554900582
1242053214
68028292
1590342719
3986962095
3680671431
3353332708
3750143806
3738223022
1697739063
4126613129
3930583252
965019150
946142272
392325644
2228368824
1917475693
2517897378
3673031231
1169913239
2584310909
76327342
2858680549
1177206597
2057333728
4293005803
3050697114
945475183
2761856726
3909513642
669198589
2567182221
2085744523
3309077555
758437219
4178362533
3890482519
4144234132
1725627255
1501963887
3902509116
4086282748
4162251714
226771761
474211517
1894954650
4204729012
358897947
3723091493
1429986389
1382199057
1945796638
2074393739
2823571418
2882286702
2816893164
250408520
755824548
2344021858
3571756003
202162166
2176947219
1342429740
497660383
916801133
2921943694
2143131397
2949591465
3687298643
1032855243
734927417
1332453586
232756874
3345305775
4063775250
1956549378
2005148286
1160384863
1836555216
1348120532
2479011585
2172964740
2301925938
4057616575
987973665
1328608595
3214589166
1221183353
1486942750
4051875125
3543470162
2289281690
1702129594
2702847420
70997986
1222413706
4143616109
4232382958
740810451
2551426690
910498405
1153644899
4132687299
2083210492
358051961
112052597
771939547
2292823070
2902051130
744990553
2011658625
3064512207
1504019174
1174651028
272834184
1608358520
1153915722
9578979
4055915755
1980397271
1927554431
3620345243
3692016385
3837863930
1298886581
2929431320
1536631292
814371632
4259161547
152812418
1091823787
292585671
3880787506
536228823
1219106466
2258490
4225076768
3841500073
1161097797
13833599
3848379752
2269451489
532365412
3065194214
1989425901
188444929
2998533137
885561430
3546096972
3848133907
2891764522
2118513855
3707933639
2064711443
2680601972
4045580438
738876991
1320648288
1066089537
2249772535
2873414906
1086381031
334895907
1267634568
1506214444
1914291578
2826073814
375720940
1721153720
596996327
1036501405
2849388784
549809145
2367944142
3583498536
2329221021
2043202552
2428113036
1025496307
1309424965
2371723651
3577842207
4200010125
1998184334
782583467
3890163652
3255164186
1399625359
3862861816
3143889402
3889428367
3281505734
1642994702
4195025414
1019323347
168535315
1401415366
4141165503
4039458801
2281997007
4122112723
3690243423
2620146515
1577113113
398496464
497709227
3877355477
2720811014
784884055
1458527935
2150612392
3525668523
4183441066
4260600782
3371516797
3907986368
3709563946
2939465454
3615610474
813258337
1362685366
514355460
3441928110
3320709314
1867613852
1827156014
994374705
3478195243
3757206717
3958935756
4234300584
4012424003
3042680489
2514836754
3176060891
1620711011
3969363500
1861205817
2254999700
3432714493
874110717
3382544728
3506477749
1671125187
352130581
3631388053
4093027975
3124101031
2914696668
3715261511
3070928989
2673517174
14186806
1066366007
399208714
800232025
3718169482
94694947
3974734640
669686971
4171631134
2918689056
2740235345
2605862599
4273433592
521935520
1490813124
3334930013
2086775919
1714279376
338650240
851740210
3272576293
394574739
1378884835
2985257950
2355749584
634904132
3620013146
1114247299
3368224140
4262401728
3399750700
1205847176
4172765781
3248270065
2571337584
3914512421
3442296601
207254412
2330102228
2861711103
450457524
2703644998
1957718519
3650661517
3886999916
2576106558
2350151037
2800050549
2058060504
817063422
1021718825
834761862
2608531280
199860217
702131797
3577937617
2506108390
3960335128
686772485
1986844750
2300144244
3441409399
2063315566
3876875651
3028273825
1383338385
3562754615
2297098966
2325732043
1384722438
3227605483
2829422537
3000985323
1116563490
2503591518
2526585576
669287200
2209185669
2871197026
1618508427
1726152078
655354004
1248783460
3852525053
3370114503
3193540540
2804640346
3802066398
119401578
785555918
2737966209
4207629923
9852933
4100987077
3192660179
1525829313
3043093902
1880882013
2068196754
966029603
562189619
241057302
1227215858
371118577
2062767977
1231027096
2696344924
3319422626
291831904
2585370806
3046456144
3227251800
2646509924
3402757149
4112867543
2276547104
4172725508
3425178227
2717994034
2502738210
3592850783
3347751156
2934789751
1990493400
2562845922
3779225270
2714361866
1518885383
1529849244
549490317
2037130124
3259297595
4017073555
2492249087
1026689753
2406095042
1390924342
3501843785
487717022
1810901880
2248134953
578068225
736198038
3524776075
1143728830
479952497
3267681636
3653863421
3345814153
452230426
2796272969
2915917010
942005904
576370982
119778271
2126011569
151807192
2397388072
4161848985
474200348
2279213830
2668572897
1476462624
801649829
2439037735
430272419
3771219463
2241821023
3761747429
756898106
720209011
914185902
3351680053
2457179621
2052994905
3049438006
1591058868
1548239821
1833208017
1647742302
3946301678
1563815254
3509025240
2717125677
2670837701
4093225461
3086907276
1572340792
644099729
657064766
1461177167
3875337945
1789899474
1430457438
4252207718
3895533012
548604328
2573327248
1735900651
1313547658
1716920052
248566772
2311876971
3403612838
3297918909
3783283122
131762436
378219526
55886792
1429243306
2227991057
1517087371
676076834
3176598554
4045685859
876367981
2138034693
1925511774
3456048054
1197413392
2174991846
1766240771
1198833063
2852554450
170370064
197383758
2729383753
769216989
443598876
384261630
3353943844
3637195511
2885753575
3414257480
2673179619
3314820272
2489591804
3817438810
1614954282
1420928286
2439479226
3936632524
2566320714
535205651
808570268
2336216395
2314504440
1867143954
3927789520
2268977814
990232936
2640672887
2383032144
4183464836
3824395241
532094172
648690630
4035076867
2800456869
104601831
2016922586
1445499091
905167513
3648126217
3225832880
282543594
3914149208
1501127046
557250105
2731562469
1917062479
79623891
2858304652
3817327564
1242686096
954181158
57722728
2222501877
1550622400
747705538
1189669678
2063508743
904662366
4245388215
1112173421
3189329274
1997309628
1826878974
3506391141
688376185
865123073
2034611202
3073842415
3409592612
314518541
3921327075
1539643393
1720305518
2408062161
923877228
826067402
2330078516
1450960139
843434576
3632607250
1327077278
1369632339
3632732344
2046785417
437251793
3254032511
104582984
2989299074
1228167051
203646772
955379395
902144646
2905704417
948829434
1198124370
4204926351
548744993
3090521491
653642865
3622187892
141460514
876291883
1061295918
3641420619
4143920094
3957127751
3339986166
2309903753
3078118564
3173231418
2244968328
4274492637
2540416624
1294449147
884959399
2393719922
3575946784
2734525705
3136886265
504974362
631259685
3306795042
156654814
1961629530
1271502206
1079969614
359649750
2201088019
2419150201
2165570750
4161122477
2127416892
3248543406
65970078
971832509
3541576714
2153354597
4133610940
2972631426
3375397931
4238214542
1948890082
3177056828
119050617
2318583372
3003581012
2435867454
3846355248
4028178242
3623007426
2762755896
2878042948
3702510220
966456579
2551415427
1707428880
2967176514
550773595
2725576749
1076677820
310236505
3957348245
908568871
382556640
2534622895
4102889882
735263267
3485451673
3557220873
1720780083
3633628018
513745706
3427960050
925008262
1982525666
891733607
268573951
547385276
3240829
1913297975
1034869435
1481790693
3564666890
4043372972
293543928
2774790405
2168442996
4128427459
3240999437
37586662
1383381183
652453917
3997785502
698532501
4079151391
2798419944
710489158
1036075248
1742359960
249807901
3337592475
575363525
2044184081
3059316947
2761422044
3377626515
1967435633
2961461879
1258061778
812026068
644182621
3776441892
2986714849
1737420429
1981017426
3473316745
2250737922
2556379900
886395887
2637080483
1679157751
497144059
2794197809
2625050449
359792175
18242718
710534810
1167383928
1347987660
3454644749
457396788
3461120117
1591985604
1100897486
3288284588
3467939648
2559430890
2124114964
1819507396
3615320659
1980693202
2414206944
2522522552
2213934975
2416826729
4079591056
3248906956
2661701975
2309125241
2758725032
90473102
197723574
40323703
3568871910
2056226218
1083706203
846380047
812122165
2606327921
2792768646
711644191
2022824095
1015857054
2295225568
1521663831
773451497
1300451615
886506208
3002613276
3685174798
642550343
1475685527
3938021474
213174719
4287453619
496445158
3975270779
1938962131
389508539
94758811
1316239972
3489463909
3395221233
210389120
3926419653
4023657738
1070595544
2843727390
783154254
3430386261
2870298507
1491350991
1470696799
3209596522
2971547694
1073531912
3571726382
1235173959
3508233544
1191380392
2100222126
2544951108
4007157927
1526067591
2460642818
1144384426
2264026220
4194302744
1364121286
2121486634
2883141859
855876204
3436837658
40985901
4192178615
3737044255
1412037824
579494375
3363704181
1487243460
3606582898
981934416
753881834
2104810526
2455787246
3134355303
1212504785
2750177831
3437976268
294918510
2252044116
3906342084
1268171622
2648045794
1759614945
4020367326
1564346878
272792128
2202996262
3040213299
2876289269
3172873356
3175638218
453925735
1684932635
41225700
1466914771
3880523339
2823106653
2855176215
509513770
3182118442
2074186033
3373635178
671146540
4085423156
3364743314
1121547194
454866554
1239256386
2270224620
3412602393
571669487
1979663241
3890593511
3801518841
1718092881
1506184794
2215513378
1228413261
2719806362
2781781455
1664373398
617728807
362436695
3607599666
2943434578
1827875676
831250680
2973570685
127196413
1177954116
3265229141
3111457966
381601708
2441601055
631874029
2459888005
2997443874
136751766
2517164594
3626808550
1289197434
3899303748
1477474123
4270474927
1042777979
1688226003
2431419490
4008212763
2120943259
2848972
1009197781
1906582923
3494863334
1482978163
3783815255
3131710154
3470757006
3491194014
2468872396
3643969199
1022852904
2580025588
3279546193
1196608598
2096862035
3398349550
59508804
1298423079
4237895398
1853431413
961702637
4027892992
581711650
140057083
1629326317
514477849
56702210
452244424
2208373843
741444184
1888478064
2624146102
2175535524
763026463
3422129592
1753169594
1849419114
1341445494
3042479052
886636369
1163380809
1448037297
2226335962
573471402
1536606327
2501454898
4174730222
2106377378
2822580016
4003457275
1469463088
1780301192
3607296438
897604679
658125619
3335669331
268378834
150337370
2491457172
1068731249
3429272117
2482460544
3133303619
3110161906
3392800823
3081754333
4006336000
4235801656
1437235913
1578140944
3088280172
2932431398
2864645347
1907582644
4016223163
3584683440
3565481063
2046347395
1841295257
2941473640
2921320166
3289360967
1583799615
1603985364
4095450184
492404898
3384101984
4059123326
983236649
3617592635
3335297314
1446764137
3016146659
1551144394
2330860200
17131042
2302407613
4057945304
1068332339
2410956787
1168812779
3695978620
3644458954
1546178258
4137916106
2395168070
2784069820
349917924
63986190
3288087269
1232254141
1153825760
3076817795
2990157895
2964304648
2564440424
2821387112
891413085
2864687005
3845061148
1156759587
1523027164
2766437986
3548307614
326862806
2411527931
1966780347
3667077671
3536548927
1725501955
1565998806
2162192680
2299366184
1079726805
3047100340
3549627956
1730475454
3539168267
4093642507
3586719002
371396678
632270626
2710458115
3045149739
75980868
3270623623
1715229138
3687010005
3698276464
567361274
704769489
3250793852
1006261737
2499496572
3278532234
2217195500
381269370
3462277311
2004355881
2110530801
2831177416
4253822931
3826788979
1598333481
3420919106
4035956630
1415763611
571934069
3851168132
1860188060
3619848842
3202813945
104398050
1477863123
2829572725
1263242524
2696766917
1302253018
3332203660
2324543910
4011938630
462628750
2742466277
1525631343
389082629
3581015033
1790582361
1854602226
1600914763
171023065
1063276921
3957937027
2007751332
664805427
2806645086
3296539220
2318348755
225041222
2093264070
1212516730
932636959
2619088506
62598502
84930062
3220760191
3999394204
2769010001
139081636
73873125
276237284
264616400
260117833
168571417
3427123309
4099664581
2438447387
1129530553
1003393367
324142843
205634508
1637741127
3241093154
568215928
2033624179
3969810661
3673700459
3120405722
3905271386
2519250297
666764835
1009906695
1537251228
978215390
2888483888
4217247151
1291778738
4256371277
3084575884
2338781998
2159482239
35150918
2515675167
2929778593
3830986294
2111407991
1798826486
634797426
870479453
3507686410
1954124841
1589242304
1751823296
3072958625
2976393008
3772793186
1396465154
37694387
1988568528
2875636668
3370379983
555079453
3530851660
1067542080
1552053435
2335868251
692837791
1165456785
4251704397
63906891
1538782524
280896417
1244407820
1562448131
2559197493
446194532
3800150042
4181601856
3353851386
74633960
3650096733
212805951
4002001640
2004169063
1483744852
419544986
689101768
2346106559
478797227
3097295409
495882161
3813766669
3760616102
3131950545
3011077323
2568775719
2878434469
279970529
2802984851
4058007702
1725694576
1682698154
2737291538
1707246153
9818685
3176475762
3606728326
2024035625
2246932727
3785519869
2908541938
569148255
1900570596
1622222423
2734515625
2782818395
1408758613
2115976535
2866907740
352163378
55915816
1369986650
772824969
515910808
1669350938
914742290
172725529
3979842177
1265576242
3314066531
2970139654
2041470787
683613149
3318697411
1416776283
3808363666
3437375170
2142768261
3527223201
3111382666
1339026910
4074029355
3816545082
3590601466
2972819497
3691623711
520110828
3050897022
1739055395
3320666632
1497765779
806999070
1310752629
3581452804
1147975955
47387090
3387940433
3355663972
3081127970
3042281179
1655064764
789394915
902362550
429830424
1657539952
1250050852
1786857905
2027708454
3020023407
1853830647
301662944
2814626492
4252614176
2760431956
3435779197
1038033970
2983855071
3223193891
1559437217
3373541545
3327152841
361894168
67241561
945918765
3574421989
1676796660
572989939
1584187908
66538968
2827422812
1980094011
2406237649
3358129100
261529734
2922403683
1010615339
4260200443
3518098840
3052121160
1834013671
2197593462
990835462
2584184063
2913759958
2150397056
627147230
706354552
4282893601
1274734574
!
46121
764518
29652
815787
34921
555964
53485
576660
30312
746590
15936
277965
25902
745421
27766
813945
23974
742734
61721
518606
51190
767748
52056
509182
2672
720925
27517
550780
64798
650635
43629
698748
9953
660736
15317
77404
17533
538809
32041
817143
51700
178718
65180
781640
11399
404343
1090
66413
27410
485681
62997
387099
62801
255993
7781
528845
39638
39496
22436
807787
26843
680086
12453
270284
18868
868262
23449
806747
43
129671
4087
855183
967
459244
56306
773741
65382
782797
26566
678609
24446
347593
16684
341909
20103
802074
19336
804953
3300
264624
43337
43151
58631
515501
26240
547245
8286
204649
606
851763
34326
295372
46261
110149
31832
161679
54559
770801
48534
702636
44605
830969
12143
10963
49415
377005
39301
497346
45589
436478
40239
39292
45045
173173
41698
301391
35526
559242
2279
654890
19870
541685
45022
698311
4221
394068
16795
801757
30994
751449
54500
904326
11435
72586
31749
686775
23889
350993
42326
890040
1271
195909
33188
685498
14209
603297
43592
498933
15001
800459
14243
733506
63966
125872
35945
164958
40358
432596
40675
759125
13036
272310
23783
284728
10200
664966
24835
678861
31225
751148
8010
790618
56125
446150
36204
163808
6321
463037
35671
493581
58677
55058
53530
705503
21144
216986
22112
805905
9015
859302
1717
325850
29748
287969
20540
740479
64697
653797
40487
233794
13445
469068
35272
489564
21889
217801
61019
910177
49222
244251
4121
458596
30195
881437
12546
533644
42645
107352
18016
211171
25959
809015
29036
616704
47810
765849
37533
888941
49240
634692
13951
468403
20645
737547
55344
774694
55334
579307
44309
827769
39124
757013
38091
231675
34652
31210
51023
570992
5298
266966
55718
185988
15378
473311
44082
305617
25442
809258
60781
777663
10104
139568
6736
596406
9226
467176
19951
672859
60855
908236
50005
245844
17582
736435
15443
470732
47372
46216
36721
756098
10783
137487
2361
653810
56699
317030
57319
581465
8804
857732
16494
536562
24851
808711
8913
4537
58865
123145
4782
200176
19922
410754
17272
540303
54285
51375
23399
85289
760
324858
17541
865890
62259
389424
31275
748729
43277
238716
56616
839734
46063
238517
51484
244390
43560
825964
5687
525699
19188
277685
37442
167217
13972
469276
23008
805064
9348
269174
53857
574943
10785
792811
13587
339999
57033
445623
5353
331782
17097
866063
13862
538033
34645
818243
45865
240402
7369
527571
11983
400958
20759
217036
24086
810222
16850
143611
19367
739670
21578
544298
30415
685126
56312
449228
32180
95549
40946
630282
23960
675754
15766
210242
62918
387711
58793
450212
2322
195671
14457
732231
61965
389305
27668
876156
31132
748470
47719
700636
64008
61349
10026
791916
34349
883377
56740
251225
30897
291337
14038
405924
36315
298217
54424
575525
29322
156244
19892
281614
20104
214496
51787
506556
51268
442275
56750
579546
43302
891484
677
259665
1593
390757
1333
653264
19637
81277
45822
568185
50110
49855
35263
427781
4323
524964
52653
378330
44604
501858
55749
314762
7551
136866
21286
411312
37892
296756
26625
612495
59231
645653
24533
545303
63187
389319
55548
512773
17745
213826
42671
695488
31384
29263
35865
491168
1296
524877
2355
721840
7024
399169
45294
700548
26136
877360
11246
662250
25071
874111
27962
157358
47583
699692
32850
422101
32099
226330
36678
360829
42293
369320
16276
603577
44563
828546
12426
74264
36195
166595
38987
886813
43029
565614
39160
168124
48588
178464
31592
489695
20623
543789
31461
751021
60827
322668
103
259688
8827
332373
37187
492826
40860
302456
47640
308006
56843
841355
57511
514399
52097
247247
45519
241648
4275
656485
29053
353815
36756
167481
10588
75796
14427
470564
982
392229
10144
859284
64186
583963
39602
691814
1616
67034
44279
43079
11988
11463
2663
587887
14045
471267
31794
422697
34536
751988
10832
140016
7562
332255
56653
249838
29145
25995
64066
650977
47992
436882
27911
351509
46881
830854
63022
517997
40254
232704
19492
869363
52185
703520
60650
189967
47536
174475
7178
269300
4967
68712
28578
26089
49435
179034
16735
602676
54649
315914
39069
297562
63628
193275
37690
492102
4775
329815
48323
831293
6844
854190
61179
646515
53448
903204
25872
679692
29715
355544
18110
407193
24625
88476
10663
401438
48188
244023
61723
254152
245
851532
9688
663260
37607
495120
27326
681899
29789
813086
23676
217074
57967
580819
37580
361099
12464
208442
58443
186283
35081
227193
50832
377476
42928
565644
61871
647194
47760
176176
46863
45881
11601
535393
37463
102567
22612
217124
36652
99032
49965
441794
21299
345788
23241
21085
42739
694370
48021
109844
63020
780710
13261
404219
34302
752284
30822
620533
1742
392094
12937
536542
43065
40716
11916
142260
10479
6699
49963
180149
57912
56713
52347
641457
56750
447261
65119
587216
26119
548400
49250
702991
33878
164448
24983
743090
51205
575296
30127
26452
13134
864110
23286
546388
61659
59303
27370
615904
38782
103733
36792
822147
44084
433937
58067
843377
33779
684784
53273
838760
32332
93239
20357
544001
8321
858785
64624
128087
43072
366543
45671
305968
6651
330763
53967
706542
11134
76440
31640
555225
37872
299587
35411
424369
29719
91642
19060
607179
30189
356107
36194
887762
37579
690938
25910
480358
3888
134872
21573
215957
22781
218898
50844
50167
49852
310746
2037
458199
53759
51363
30255
223475
33632
752599
57521
316946
29886
290230
20738
608746
62233
453585
21978
872098
52364
703226
22491
87378
63318
520810
6717
203217
1614
458920
58848
187522
50245
768331
31207
291252
58262
446894
23257
611317
63222
784028
16011
15962
8498
139548
59046
648077
29717
224336
33983
32355
59478
384442
3505
67000
15311
341139
45344
44332
51061
243775
59367
777731
22943
415047
24294
86500
62888
716945
36349
164785
33646
883381
60970
911129
11242
269183
57727
646914
44001
302064
7485
70941
27031
350964
35296
360628
12319
469808
991
719550
14449
469789
36806
232403
46801
112224
8625
267021
12437
272803
2594
392864
13969
340492
38577
35738
56275
576152
19791
84405
18420
342502
2501
196199
8444
5825
63740
255710
56539
776692
6544
5476
35122
228026
21342
606804
44888
436400
53632
249337
60953
387177
24795
611742
40478
39016
19871
475883
18991
14870
39780
166519
17325
147038
12122
74447
28736
745538
11853
663447
43352
434120
18486
542266
32227
357632
45533
831169
7726
203574
43323
825881
8728
662029
50024
571067
2384
326984
19983
543937
44143
107511
34783
883259
60989
126488
57268
54816
34514
685757
50451
833507
50309
834445
64471
586400
44406
763502
59832
120871
62296
452026
55439
905471
25145
284121
23065
874606
50554
509025
44888
634065
2731
328504
30064
682026
47987
829806
14038
208196
60139
910037
36581
296618
12266
666464
24680
545856
5403
526770
43987
239518
58148
450978
22498
21505
57049
183477
21647
84249
53476
576988
16319
12678
9445
860776
42146
893814
58017
317300
31031
619671
11894
205555
14337
404989
16948
474578
20913
541218
8326
529097
16746
538848
33018
815112
47333
436521
28627
747518
18844
215271
47830
567860
37510
888517
61141
844142
37613
233570
13629
273432
3310
66738
12577
732933
65213
192886
16863
606026
49770
48600
62258
716235
51803
833965
51218
376582
2679
263181
32708
554784
60219
842415
32350
488347
13452
340509
61478
58351
38125
692977
14772
732069
56419
186585
43410
435965
31633
814666
19836
806201
50585
439263
3071
460913
16337
277873
15670
274796
46751
174506
32766
753545
23472
677056
18039
606473
3892
264743
22967
149771
24800
742939
61693
385969
16247
211268
42307
824079
57994
710411
56220
513614
43773
762805
34203
227465
1056
786565
35382
556804
58440
710894
28936
290778
7999
531402
42726
890117
3263
723108
31598
814179
62944
779441
22934
217706
12192
795331
52772
311506
48072
438982
52950
113989
64
912925
7230
200380
27349
613641
34625
687812
32208
31836
51085
113934
19631
148283
64535
585028
46368
436199
33940
96712
11329
335982
53950
706063
12748
730444
32029
620722
20688
147197
23945
480081
14991
275348
51478
49477
18923
213412
23138
86561
17884
210151
13266
142799
17803
668879
43692
826177
34498
34423
12868
274471
56232
314944
61356
126141
32419
751570
33778
95082
14643
797996
49497
571347
21297
869779
39723
890550
46340
436878
55467
444944
45605
239437
9467
861411
26688
809850
47686
110443
26851
153607
27409
485762
37724
296735
65418
458216
11426
534730
1137
656495
65489
61631
53971
184076
53203
704295
30817
749829
45559
176518
61700
122562
45772
697232
7256
529538
32703
818076
63354
779729
39080
364406
7858
137598
36380
822793
15524
143167
12768
78130
10623
861212
3835
66478
30365
224628
24892
21472
36510
819122
40593
301951
62033
191922
64386
585752
22809
609469
201
64855
30925
355171
13818
273152
51110
701937
31844
161404
38145
494711
21421
544682
22366
215526
1339
521189
34609
687198
9283
663256
51084
508856
25455
415574
24682
413778
14224
276317
9808
205191
31270
421804
47378
765389
19307
539765
21597
807554
24783
610885
47784
568046
24783
23419
5684
725867
8941
659773
8683
529226
60314
255003
28614
418230
4037
131821
44757
42418
33328
225819
951
786522
31231
554523
2535
655440
40967
302426
9445
205209
38300
431418
45391
894426
4767
789622
47914
309958
3471
133806
29617
879325
62518
58406
28943
880337
56887
581133
19354
149840
46741
896631
20235
871891
61911
451080
38044
887888
34688
96575
47853
242623
42418
169304
2009
393031
6737
593499
1335
525052
3496
852534
29153
221456
51891
247516
55604
579693
26071
681076
12051
139215
45655
370585
30748
288419
3566
327515
26740
25258
56416
251742
51753
837833
57802
54605
63546
190231
35088
751414
30
719532
52532
638228
900
393849
57717
840336
16965
405511
23423
611187
33936
751674
9755
9039
49774
569863
22003
85289
54442
906309
63038
189438
5123
132743
55593
642615
34833
229609
62785
584143
55646
52550
57591
118573
29975
356296
53247
771397
16118
799217
14657
668622
50892
48569
64249
391885
35007
688482
34664
423276
32730
687066
10601
858330
27633
548499
9875
333205
22318
740226
50596
377920
40395
171438
40281
891524
46934
372572
45621
893269
23516
871440
14573
602871
54269
771613
469
653698
23816
219136
20888
20355
25067
89658
57927
56550
2538
523147
54220
249337
26474
88359
42062
235157
27273
26991
37714
887852
43636
695177
22506
543127
51996
49498
57039
447344
37572
823565
41102
825032
25792
352801
65499
260633
27979
156907
47441
112417
64320
913426
42415
234794
5475
2511
10108
206415
26303
88715
43008
695657
16767
472251
44297
371776
44594
306146
36230
428742
1897
652852
7106
398331
36465
297347
9904
271285
42149
629636
22714
740432
18796
673293
45827
632081
8318
71015
22715
873480
44456
566849
31628
290777
23091
20650
12871
796262
17006
79538
61761
451088
20607
675949
62746
781015
15705
867611
29815
419584
32007
618079
50458
246764
6485
68720
21855
84163
48333
899376
51070
46541
45645
827598
1024
262479
29285
29080
52903
314072
2289
722394
32212
815998
20185
409699
56112
773192
46559
108154
25502
155396
10405
137090
20360
477200
11439
862106
15468
142613
40216
103096
31738
92916
57661
385173
9228
74729
44715
568397
380
523855
47116
305299
18447
344700
45454
697418
22617
413589
42869
236447
47761
896362
42274
104497
100
127532
39895
759981
8349
857381
31785
750462
1736
849143
56213
512044
10652
7663
8124
790164
4102
656359
8950
204085
33342
815484
28124
486452
3475
395164
65162
193923
44344
764580
18869
14567
36318
98024
34372
819590
22561
741400
46225
634328
31434
29174
43002
434352
9195
663449
63310
716547
49428
45151
39831
823137
6333
266741
56847
841112
6550
595811
30522
357307
53394
248088
6406
200016
58187
253431
28721
27176
9833
595920
46862
373866
26705
485354
30005
223473
54860
641780
18912
211448
29472
749948
25384
875783
34437
426747
9510
271638
39244
890090
33522
358887
42507
563745
63532
584118
107
324744
557
589640
4592
1169
34097
816248
13672
863476
30743
816051
55343
380108
39817
625715
17330
14035
24929
611891
19263
867215
10031
729571
59537
843866
17400
145871
19749
81736
61010
583972
53474
903356
17975
147379
4131
789009
23880
413783
16882
341847
52016
114630
38585
625699
21643
675896
62248
582829
6134
199638
47288
177418
26684
681299
55607
50970
63903
324630
47544
571092
52852
312629
31661
420836
6239
463809
63393
911019
24719
611277
11949
142327
15346
77134
58495
709416
33747
358090
25935
810365
61183
190030
14638
865330
41198
235595
18551
804880
54379
574573
42567
762469
39272
889526
13529
74671
45429
41309
61662
58664
48867
700291
60223
908422
20826
150510
15037
76673
1310
392527
7364
72003
18379
801999
9815
664033
6456
70102
21249
608538
10077
269898
23371
415940
17611
409696
43014
763417
4900
787083
44751
826536
56918
774777
18988
410150
53520
51531
46205
894811
46058
699216
60711
908252
7950
594473
37045
167811
53184
770308
58550
120389
63279
649847
40510
494956
17680
869007
36678
363823
48077
830915
10208
596325
48870
441496
43034
565357
49340
505164
37662
889035
3879
461263
38156
364780
49406
310907
12024
73490
53828
901963
4477
590131
49649
111680
41455
170626
18858
802751
41718
434719
31531
92693
56462
382756
3013
130091
48286
306309
24694
678779
9070
529323
15312
539518
25038
678296
8177
334507
21532
282421
31931
814401
12512
271660
45211
895310
54873
117528
59478
514925
37856
758399
33273
29658
34417
97719
35790
97295
8967
597507
42283
827455
52294
704474
21943
349563
5897
790914
43297
304750
58927
386394
42630
760454
41183
302198
12603
208342
58637
645253
48730
178735
7045
724793
50564
833253
47440
897887
2606
588228
56936
381088
26566
220949
64419
323509
3183
129963
47748
633731
48156
568621
52022
247797
35794
821485
10012
337022
9001
664305
65334
850938
48075
48006
63486
781093
29109
91022
34168
357926
36732
33733
35632
162348
34626
491461
48936
439156
51640
835873
11385
470119
3395
655401
27862
285644
37472
557618
12979
665396
12252
140743
36174
36083
46363
434977
17427
539452
6007
790909
39438
365362
35025
689241
37407
819819
57823
53289
31989
554726
32391
424826
46783
173925
50677
834575
24289
544940
61731
453396
21435
152318
32733
424139
22424
872679
42154
891963
19664
279870
41986
366052
1131
62149
57191
577374
25633
743759
34067
622195
4795
199618
51392
899643
6297
67529
14123
143756
43728
568014
3550
787472
26146
678723
60099
581772
33720
622088
16485
80975
53393
118818
6603
137191
11754
728377
53082
706146
43144
761155
59346
58663
64611
455162
34899
557834
52979
511302
43431
39471
38199
689836
19845
409898
3307
64718
31446
551763
55229
510098
65361
326227
57279
252764
3986
68299
24833
86828
56737
53928
17084
603400
49826
505735
27788
154454
38783
823923
17400
14445
57218
380310
42555
431771
61855
516625
15497
667584
12985
401541
42928
300930
38576
431719
29771
814753
37719
823205
29606
289285
5921
1278
50774
440531
45993
174238
15184
735882
24541
481104
5192
397499
2511
721405
59284
253961
32236
421375
35457
884061
13174
272021
64559
257569
8371
72588
41817
236207
37891
626913
50146
113309
2935
130634
9131
205544
22931
151255
49702
114109
58901
578671
27151
155408
58823
122756
43113
434188
50331
112047
65312
390534
27969
485252
28284
682278
13466
472133
24217
613826
39583
38913
24125
286271
61957
911070
4860
131436
63075
259346
11490
402033
15460
141904
21539
150438
63558
650879
10470
206559
26980
23821
30037
158799
60398
321641
36450
32409
7889
593851
1354
589861
21815
214625
25591
745147
53814
642668
34777
163267
26421
482723
60459
189902
54169
250529
22525
477015
62064
651316
44106
760870
61902
57283
1493
129702
1148
655375
37752
758073
46731
763732
19401
673555
26248
218370
21266
216573
9210
729888
61794
319740
63673
325094
65318
850126
18811
737668
51601
245616
3684
66476
23828
89058
17115
145697
41023
757853
30322
879440
48290
46880
51108
508120
32530
97090
10446
466316
52424
248805
26750
354258
25721
679691
64301
781120
3604
655489
40213
628281
55610
118309
22183
741842
20275
147662
61461
518592
7187
5383
45842
500350
49090
177185
23695
874091
13321
602439
19329
477036
4666
131095
41465
37795
48053
308530
12644
534865
11889
140865
23411
873638
51869
376769
18750
540643
58392
712731
53448
117886
35415
755133
46957
634843
24828
676840
59242
317635
58657
910408
55164
185049
6315
69320
9439
795743
17357
344790
45353
828345
44178
370143
52067
703839
57911
120657
23180
21647
40238
887618
20517
347297
63991
587709
42960
434108
57955
450865
59607
383877
18838
608576
55348
577793
21785
214909
6609
661052
61473
715925
40243
890680
41400
496332
59830
911180
26899
812074
36004
361174
34121
99157
31746
489586
1526
196202
12952
76516
32586
226612
24569
349132
43678
629696
33113
489083
26632
680276
27906
289384
2623
457307
32010
423390
23949
216928
18277
407234
2112
263017
14015
666558
49040
898621
33388
292507
53408
183842
53746
377967
44213
501287
10298
203402
1801
129907
62611
912203
8926
400249
46958
110887
22981
611613
25371
548564
2908
64452
39892
35360
25122
285713
54333
53703
33025
684514
21632
804381
50239
441821
49792
900402
49453
49212
38837
300240
43849
432990
24364
88314
10861
531004
58697
842047
17596
211804
9687
598799
56321
119591
42962
631702
51564
836654
18214
866240
29857
682384
11863
798143
672
458330
50860
767317
42011
105162
14969
210501
2090
915591
56001
642619
13601
796023
49052
503170
63829
649455
24335
744084
257
783008
55994
379893
47204
569206
27775
416321
35603
360534
35492
558755
50616
180537
22003
870652
29180
550272
54356
906284
37373
822901
46205
305575
17977
803441
36077
820715
17427
475663
39074
757245
58981
189264
7891
726990
60420
252889
13402
537333
55663
710158
21875
346255
26904
481990
34248
97977
63111
586270
28348
683314
2860
917107
54673
447772
12658
861741
3831
328183
62028
650142
2632
852935
47580
635660
61545
713205
35058
820880
50801
50521
19240
477747
18291
803062
51157
50566
11226
793805
16052
669954
30882
292530
35285
624372
50984
835565
60791
581266
15110
141788
20511
83992
9654
139799
47403
700703
16463
537882
44912
502964
50550
771102
38906
103559
51821
441439
29172
28979
36946
100360
5409
725269
2260
196752
626
718765
10632
333804
57231
449278
55239
314826
40060
429628
22490
808222
31653
751859
2699
854568
49377
570770
48460
306509
38128
363648
48448
374763
51883
506576
49620
243683
31379
485534
60219
321491
47097
700070
34309
555053
55063
641805
1916
786846
15491
405442
55193
641740
64247
781084
1250
524732
37712
364166
41848
826303
1372
653361
43876
370308
54783
708623
34220
489571
33589
359485
32923
685037
49930
897875
58270
580583
32870
291929
4630
69274
20856
344929
37388
296698
60662
187592
14164
79669
25800
416180
64198
915523
5254
3522
32594
292092
8706
663456
51589
509207
45316
568621
20391
477568
34136
227765
22347
611044
30267
749231
706
521873
11253
796435
55926
708650
38666
561343
7222
595835
8323
136745
23044
546182
19410
740126
13216
405316
44788
894873
39671
232896
34433
491617
48797
179111
27322
351439
4336
67610
38610
755987
8013
7276
41038
366334
23301
675676
16947
539862
47152
435885
36652
491213
59719
452623
34323
816998
17562
212932
50512
640308
59558
910101
37684
758556
8960
399614
12329
469441
65356
782082
49367
176723
33740
295576
35548
886054
30518
225096
37408
887191
1592
393894
56613
643511
9861
9728
60273
842093
50550
46857
58593
54656
8239
860134
54308
247256
15291
536125
45923
240008
52950
572610
48054
700120
38668
758017
42890
104680
55001
381154
1552
197254
23151
742460
30847
289431
32939
487692
63232
322769
23567
348322
10081
75212
3156
66587
55508
841064
20846
20011
53488
114708
52778
707291
27657
680580
15766
143462
17187
800276
34006
230370
24128
416662
1029
455991
17869
212050
14127
274882
59137
451120
30248
93080
33628
884093
28284
353233
36700
100230
3962
462276
4813
856769
40702
888497
51957
706524
43636
566438
34783
425333
33426
31867
28525
617191
22168
677238
36352
887286
2513
132421
40485
823498
24625
677964
11027
728269
60775
846771
39335
824529
10953
138569
59691
383495
60524
452818
19265
84259
24414
613236
29481
223421
50448
901361
17786
80233
53926
903223
60840
320918
14900
12405
48746
441263
4855
4630
60774
515809
20233
871630
2828
459565
3736
724402
63801
190404
50607
766958
56030
317211
12675
598960
1466
326576
19402
801468
57230
120033
23273
806319
20947
18217
39710
627062
3576
593016
40967
498141
65330
916885
44696
499219
27358
287322
64226
455977
31289
682014
53949
380909
49286
569458
41205
761681
49234
897880
46419
767023
53458
575947
25939
611738
35709
424307
19598
16236
19027
280343
38334
297844
11111
11029
3536
264413
60850
909083
36963
887062
41792
40532
5761
5255
27677
875589
23947
744483
744
721409
59893
713252
56131
315122
53408
575586
56819
381667
51455
835503
28376
813451
56447
644112
15805
11155
54893
249876
50960
705569
5328
789
35295
99465
36725
623655
37294
295935
62966
323673
7922
138625
32528
293733
25330
414312
12370
535378
44830
433987
43115
499831
51042
508474
38631
232261
64788
715980
12726
8420
36548
428820
12526
796373
65458
458285
17333
211309
38355
300181
48572
307875
12571
204838
48398
637298
8755
531828
31040
880249
62289
582497
5880
789347
24432
416706
15138
13570
18335
542493
45821
829638
64304
848523
33111
749775
17735
734047
46037
43228
47499
176000
36314
426214
6561
268151
45024
174732
47360
175139
40906
365042
49771
311058
49383
243489
5319
332420
57275
55644
8815
792083
50172
768552
22205
545980
52451
575038
20531
804187
21666
542649
12360
402087
5027
853920
45645
434731
42010
565473
8932
4686
16338
12067
63868
454079
34831
30829
29266
91327
52010
639766
38145
625182
53356
247201
30548
682861
61706
61083
37443
689738
24218
545503
13043
340580
63879
913808
8969
333064
51944
248265
64708
127632
39515
626493
50729
178532
57452
118447
25156
90060
20342
540480
2315
459911
52312
510315
62683
123951
9326
791157
12411
404902
35752
555780
44938
238599
28198
91654
4616
67296
19773
147917
50335
441762
31212
750686
24501
679311
55225
120592
4570
853285
1706
64497
12459
860215
34779
99349
23020
807888
48248
109783
48923
241445
1097
324108
28231
93474
38821
101780
30601
816279
197
62690
50811
704592
19244
803144
29494
879978
56471
316730
48689
308614
9905
204080
45926
307171
44387
830624
34462
358101
53909
577113
51272
444354
39344
824483
34170
33694
25127
349822
38440
101890
21461
151180
13001
733270
57058
712263
51987
575458
48975
374670
28887
813118
20487
672220
44163
105676
27047
875711
29920
28375
53869
180605
53510
50126
16124
733664
57422
774010
42977
826447
18036
144792
30064
553389
24372
217670
3728
196582
64599
129045
23866
609746
62732
189595
22403
544420
48477
243185
17060
78587
9479
858171
53232
835266
43775
434030
49816
48460
17298
539497
49947
180560
56624
121634
4215
525717
60496
583376
43636
695853
2629
655339
41145
757862
7001
332081
16316
276904
33558
488826
9773
74431
11740
601265
29710
880577
56270
907434
2735
460346
25278
349680
26237
23737
28758
93995
16694
800466
35369
426558
51247
509651
6307
201041
55712
645538
37788
299448
41581
696433
45876
633607
47670
636027
741
588145
43857
237171
62482
453724
18432
670368
30105
289352
18119
668906
65098
128643
21158
85282
38304
298545
38567
296053
5420
724756
977
325074
46580
895450
33127
620737
55143
641574
50254
178522
17889
17815
30911
289201
18621
474209
22022
806890
26386
417910
43930
108373
45085
566955
10255
337406
26556
811994
16024
797983
43731
238584
47777
899723
45936
633440
24928
153439
59038
776626
62642
649496
40389
627749
38321
167376
22208
84027
38584
234324
21715
148804
53279
769879
58659
316787
42678
169136
8840
267181
64583
322258
11552
338518
7581
136369
60103
59827
17991
802105
56070
445936
42172
302587
62600
585890
5590
132873
8616
6895
4239
1331
51752
181511
50125
311905
46967
895215
21914
478436
64366
59889
34347
557989
11597
335617
38901
494292
26312
155937
46073
176998
4276
68226
43301
106371
56796
646200
55477
709177
60555
780461
23805
284637
64226
520020
45955
176217
45656
371150
61507
519736
10984
269189
13206
74905
27472
92191
55907
838080
28016
483052
13485
404187
43947
108848
1422
391589
36080
623803
58979
517167
34767
754206
29423
684511
13588
77167
35316
752769
46642
177514
50157
635822
12038
404036
46629
632714
49338
834718
48617
765443
55953
709323
22475
83443
34416
819240
3960
657614
49820
573627
65213
260667
34646
685841
37929
493109
43610
174492
16522
147574
3471
198770
18474
80269
55063
575953
31337
422297
27708
681558
64864
846764
40465
234342
11207
75488
27702
810347
53114
376289
35026
425326
26410
878382
16423
669038
30547
92652
7987
462475
36154
559374
25939
349741
44231
827826
36964
820962
33186
754037
57010
838920
31314
881816
36083
623426
26264
155524
34735
427655
38676
887858
61266
912246
47355
111272
60424
908606
22947
611328
17463
15906
2715
2379
59565
189511
43396
41338
61394
781870
30487
751321
49442
834487
25420
88643
52275
901972
2253
524070
49751
770149
49954
309156
5043
199988
64448
453239
47020
504173
21935
411227
52999
507368
42918
38269
5101
329910
18629
81760
40419
628378
44808
831167
25586
676937
47699
505528
19625
215916
14673
12623
4714
855821
17506
475540
39538
299858
40633
37580
60983
320628
8153
3735
27604
547625
49238
245369
37186
821493
29426
549739
37581
688393
11806
207848
15122
340177
4340
262321
46677
700998
50939
572918
27922
879583
48496
899647
64825
194994
22037
546228
21822
608729
33637
361163
170
63314
15504
798458
11340
204182
25729
285968
21838
216240
37891
757040
16780
78912
64403
260121
46538
107502
42235
500767
55264
643479
34340
427092
20192
671088
29632
157391
52784
707955
14888
76395
60067
843086
55034
642484
36865
493016
7915
398312
57466
909157
30458
357500
46968
895421
9250
204330
63922
60458
52263
248283
26847
875076
52188
442184
49252
441645
52006
50149
6039
68033
52653
117608
50754
179163
15106
731603
61689
126991
2773
588008
28563
93183
40044
101387
57662
839836
34511
554655
25391
545442
41260
367622
31347
95417
15153
274001
27794
548808
39286
429811
33296
359642
59539
646617
47115
305140
13449
471219
11412
270385
8271
69554
20588
410009
62449
124224
15990
736058
40676
757464
56689
840264
5830
265486
35661
620849
54363
906037
58182
712608
21499
541612
11812
862124
5152
724773
57994
840642
64445
388882
26973
286788
10893
336462
817
456440
40691
760045
55095
904626
44
130742
39713
888970
53967
180596
8613
202671
21970
738896
7729
400564
35028
689784
1877
198370
52492
641476
22285
19135
10616
794309
63899
256514
32259
884233
43415
433915
31815
883589
13536
732738
61599
322388
43693
105145
41184
694600
52952
706604
43325
302256
35441
165193
14317
602118
30169
354318
38921
562857
26657
614889
61250
649373
25003
155110
28220
548983
20088
150630
36140
558599
29020
225013
65400
653874
52646
245618
13431
338734
32743
227171
26294
222768
58464
254756
16100
604748
64843
588256
30982
487688
57382
54221
32396
228154
62818
715269
64741
258190
60911
253425
13665
862021
17368
540789
45838
500257
45954
635272
55896
185921
14676
405534
47347
371739
64842
585755
16157
540331
45043
764417
49037
440336
44677
171404
21475
345687
16160
867767
35992
491216
56841
251331
13267
665896
44227
109450
10034
335345
23223
349214
36693
296117
52556
508908
12604
666009
55763
382204
21909
541842
29345
552577
668
655871
21160
410815
53939
835725
9149
401473
38816
757815
32130
159473
43757
170356
15257
600781
15705
670872
64120
125470
11329
599285
70
454666
28340
549523
4492
589894
16383
406909
13745
865174
19594
540681
4687
462222
49099
376180
47248
829175
34076
32937
53772
574289
3632
460593
12786
8288
32676
883044
39000
299318
34867
884216
27881
747753
1163
916549
23148
217263
37781
167829
23082
283979
2220
524252
5766
526362
39195
364436
62612
451647
41314
498034
1817
719537
62712
453387
10181
271797
44763
371534
24353
547237
54314
250595
51067
444056
10137
268445
52722
704175
9041
204316
25256
745653
52195
771053
45033
369782
48152
240130
16514
475129
26537
351219
13992
864301
30292
222322
58692
316369
12812
140138
65381
651672
29420
290813
1235
721231
53452
639209
33131
95116
33474
291255
23172
611950
57346
579154
7616
465562
55910
709059
61571
123359
21501
676560
1099
455525
26802
157400
12129
468679
30856
158285
21291
803168
61139
56630
25905
88320
19955
17150
8939
531289
23037
807428
35403
33481
42697
431293
25976
154613
53277
510973
28779
748057
4330
331707
24754
678690
32393
752610
33082
883379
22000
87409
49990
112798
18091
15534
4157
589367
31485
162088
34018
556998
35365
99197
11509
663277
20185
17822
62895
259189
38305
822553
19187
410194
5417
3526
36760
233256
24379
150989
1080
390654
56341
579958
24800
808225
51369
834198
51350
309597
39893
888473
32456
356094
9904
202203
15861
277679
64263
126310
13762
12310
35419
555914
50161
767719
13103
666913
17817
344028
7110
464372
41200
890913
45290
565259
27190
25260
24522
220730
3056
457835
27224
22943
1868
852795
8540
596297
50268
571719
46708
45067
10283
794502
43000
41074
40709
365672
16612
144792
24971
743407
6867
528360
7567
461791
4120
196072
7891
266996
14409
10813
51632
574538
37977
296784
46236
175106
50501
769187
55127
774742
64996
261455
42938
566313
36240
818609
49290
114637
37740
822193
61163
58403
43557
367955
37471
558214
26067
283619
28148
877452
58763
711081
48452
375293
7036
3326
37223
167840
39142
231428
10224
402051
53459
184409
51550
311898
61262
257648
31391
751604
48639
439304
62616
323006
63875
783287
63905
456358
10825
7105
9292
266944
45908
500394
17915
144317
60771
57049
40513
695271
21717
675937
51128
311130
44903
40804
18441
342031
56253
250852
35690
555384
46793
174671
33488
488421
44920
502951
5085
463502
53950
53186
50496
309437
15201
863540
31855
814970
20659
20240
16580
143951
36883
623892
39140
888238
42499
366940
30977
29331
44697
40667
36751
689434
7671
660291
54563
840555
38213
364227
17823
476108
11089
596679
56963
121384
8008
726985
39306
104248
13242
730594
23826
611624
2249
196340
5214
788732
1450
195842
62757
452986
9379
202977
35544
491412
24509
219485
27992
353686
3253
391809
40663
233325
187
64073
32856
554812
10741
270700
56133
513417
59729
186628
35035
31596
26024
350145
27254
92728
43831
236054
13022
405693
54096
642786
11600
138200
36498
757280
37611
298198
62722
321993
14300
275214
65216
60608
10630
598593
2310
917037
23627
741529
28925
224077
40733
691773
59987
846249
64988
783388
37157
34075
56673
383708
14631
276152
23303
675119
11922
270530
57364
384928
57851
449582
32070
683153
5256
398352
29882
749767
64244
522965
44848
435055
5699
724018
14030
536714
63892
61629
8115
858033
11623
534938
22779
414239
49818
900976
42583
827082
14887
864626
24418
283245
893
524493
33766
491104
63956
584549
42627
303229
47075
698530
31951
421264
51481
310195
6835
528558
52127
707280
34173
491810
33980
752223
8126
464361
1323
394002
55076
251227
62624
713495
23301
150679
35629
557331
64265
784910
61847
126747
61934
386179
1548
198119
7082
596007
50119
898108
56040
512798
10658
74511
21424
149353
24695
89220
22397
215671
29454
352770
19243
281158
51252
51235
10776
338281
17497
410170
11570
599469
36739
887946
47488
895040
33293
293540
42037
170299
57789
186221
38971
233383
38304
296595
48226
111445
39717
693165
58560
645732
26479
156615
18386
408998
61419
453725
16197
405218
21898
675270
63856
59811
32402
684737
27780
549262
44526
237446
30057
28721
61484
585062
60217
645776
38919
231034
1901
914788
11068
861510
63384
125339
62736
718061
18383
407365
20872
543538
20108
215557
46537
566560
12088
599804
15507
798517
52669
768964
52371
572790
55659
118524
19522
346164
59808
582342
28099
683106
37780
886881
55188
53495
7396
201209
8259
72098
38054
692853
48578
111086
12118
336733
40795
234545
49037
702864
45166
568990
8052
204086
60877
123287
35997
689112
54411
181882
19110
673292
798
655621
33512
31679
51204
900887
572
258977
44363
697502
8305
204609
31329
618524
17327
13923
9530
464219
21203
805400
64672
912947
41882
303876
48829
572495
5437
724817
30265
616828
37003
622235
13353
864998
59471
449786
6340
594873
25204
809094
58286
120432
45175
696275
3006
522747
11578
72825
40953
300706
48860
439405
37055
623997
37926
887173
32688
31714
24092
809216
9813
8272
18187
80258
31460
94909
1377
717654
10069
74456
27040
746998
15947
733621
20371
412334
42101
365818
3771
852326
7319
594200
36531
493671
30285
488054
28506
221564
12112
664041
55924
448340
45763
569992
4933
528181
39681
889782
8279
4122
44404
765288
25220
283974
17016
802987
61537
387589
20656
147743
19542
146092
22400
216488
38500
167195
6548
658618
38503
298178
17965
606900
60215
122367
31181
292335
32299
488559
24013
283592
18291
735681
35999
293566
23031
543340
42025
430988
47452
175254
9951
402755
33210
359040
28545
483299
20203
738368
39590
560040
38339
820321
15791
798237
38972
495813
56158
55857
12800
12059
21211
803545
41765
562901
31023
357837
3899
199928
60470
584422
64668
258417
24479
282338
60133
779402
14155
731976
64842
586341
47058
43610
57690
645114
15453
145640
10969
75007
47683
178643
45156
564858
19583
411604
64932
913298
23712
479397
45087
499806
37706
758058
7351
3422
5433
656916
2276
197545
7058
530209
39997
561085
12514
205796
60935
318996
14398
799165
15978
539941
22634
673411
1982
523694
16818
343549
28759
483937
26108
349748
6338
264677
25639
24693
50242
504478
7846
134673
47966
833078
37369
624227
7538
334730
42906
40620
4107
527586
242
585724
40391
235923
13381
601912
52059
179272
5839
725805
51768
571518
18687
16223
38773
559748
8245
69569
25469
809402
4635
593538
2105
607
34652
427515
44077
433491
36801
229959
48823
306932
51199
310256
29175
90084
27348
484055
28501
486714
40486
300736
49589
375067
32413
883179
440
324393
38339
889403
11720
600048
39077
823502
45226
762765
22649
480876
58315
450245
49254
769104
38994
35560
56027
575858
13138
273628
48383
437843
20684
740196
10643
338112
11689
141661
13729
273409
6242
725799
32230
617762
9133
463443
29015
352074
16133
78259
60174
123620
43556
567604
49774
176325
53736
442861
23509
873534
56394
772710
52939
444382
15263
799985
18720
213574
60699
777434
14053
274775
5248
3041
65474
196513
22467
346758
18964
801961
15532
78462
16133
278239
16853
13367
30673
488723
34119
95261
48144
505086
20429
215143
16386
604531
23963
20934
24117
351435
56430
775219
48468
438383
61298
254324
47678
833141
29336
484783
60313
907691
45885
369749
8505
270444
2205
66080
5821
464171
53255
576468
1660
328218
15065
733004
17432
474886
56050
383017
2545
130922
35817
818912
56794
775972
46359
503801
18150
410116
52777
442666
16004
79463
53069
315191
41159
234810
3077
2512
15359
273736
63279
845380
29931
289730
65095
783069
35834
166505
3530
654795
44159
434898
48903
897915
10899
336601
4520
4272
20489
740926
28443
748418
36857
885324
48570
702216
1326
655815
49855
898007
38899
231043
48392
637685
43049
41261
49769
48762
14837
668126
65374
913511
276
588321
61975
453469
46716
308235
6527
399406
57238
316411
11291
73890
3043
1593
3055
851963
60699
318958
1162
129178
3539
593316
34181
165018
54480
510525
63572
517858
27910
613761
49285
635037
39377
690770
17123
801275
60913
911239
470
260512
673
784142
48937
45183
64293
324179
5681
3770
44335
892453
7852
4519
22777
86879
14075
275793
17163
409460
18381
15380
54939
640757
33902
161658
62022
191966
64175
389242
53834
901879
39661
234062
23883
23445
41311
561890
3872
722536
64548
587886
39961
691102
35165
360108
63096
847412
51764
638220
27819
748524
10799
794360
16659
13776
39965
431416
33675
95138
2262
788042
31507
882181
1737
196659
59114
57915
48303
110273
247
457479
45956
762914
39911
692138
30565
421607
61671
517428
32344
817982
25021
612402
29593
553723
52449
248669
16720
734239
10116
271829
46459
635910
61007
253136
63660
324359
587
455973
58879
579851
46980
307905
39680
563676
39789
627333
59822
582062
1889
588943
50859
178117
43534
762626
16943
344603
54153
313780
11875
466719
65256
260608
19878
606136
44827
173222
9535
530219
61872
516334
48882
111381
51582
441212
11054
73680
60530
60504
42057
696212
20248
737057
47876
174526
20993
741469
53913
771825
12350
404464
14037
142250
1244
324683
14238
206668
23258
479502
4919
330052
31297
487384
38584
561643
60764
648743
25377
417527
28201
744661
43849
499260
30465
554686
50113
178243
37114
494965
38387
232821
56971
907153
50269
702933
38831
623988
40202
169378
32736
228655
55604
313846
30880
880755
6677
202471
26830
350102
48313
702034
37779
623661
30743
554332
24080
85344
46147
697552
57524
318173
34834
425497
61273
777815
42969
172377
26869
482964
40165
825963
64715
62533
31479
817536
2055
787269
7626
466199
45196
501775
46848
308133
26036
349792
38939
625425
22776
609804
15502
469675
14385
469601
22689
675434
38680
298652
30734
617279
26610
680121
41581
499752
13289
208467
63781
652975
46749
373260
38567
37217
61336
321475
62439
648061
32704
621379
35583
886468
16332
670141
923
785271
7036
400058
29768
422393
35347
30738
14140
273583
41941
500447
53010
772703
23077
543546
19770
543219
65130
916453
11788
729397
54867
641260
25736
679994
41860
365831
1343
325466
18803
867374
41950
105708
17759
539345
24578
482876
27920
25279
22858
611404
32564
358921
34841
555119
34682
162153
24852
22407
42551
762648
35600
162080
38676
102317
36118
819976
19385
869339
57781
646337
55110
905095
39617
102011
5321
200900
16417
864574
47962
571362
63655
650519
26380
288040
13006
338816
17416
277438
30956
551173
26982
813185
28839
814338
12297
206329
15915
471782
21596
413398
47725
896674
51060
769589
53096
446138
18670
83633
53841
836343
6665
528808
27442
877365
44173
40156
32548
160093
52896
380188
1293
193579
24902
282750
21753
148880
31359
423521
19340
607643
35338
230896
37903
167848
65220
783886
16197
274610
8596
398570
58526
710664
60480
908724
34293
161284
55430
185221
39855
235707
59367
712246
49936
573107
9833
599381
23034
478598
34261
557719
55822
378966
44938
895288
20282
674513
37291
361165
18997
212447
36568
887949
54216
639791
2351
853647
33800
163971
8638
728678
37015
886255
31198
420088
7952
529642
37401
428325
33675
294454
52083
115246
61940
648016
60009
383532
65371
651566
44576
830702
40581
626723
31978
355549
20698
19770
27000
678232
62605
651468
55474
644184
44539
828507
37703
299288
26378
677411
3344
327203
17822
277239
46220
110047
59253
121152
26036
547099
62525
911573
22709
871039
46126
504674
6012
592828
63809
913354
44212
891807
63176
911925
24354
610531
51968
510482
25817
21832
45994
762754
9905
794929
28454
617914
7068
332802
18586
607135
16713
278430
27561
92658
65450
326274
35094
491109
48208
896679
10391
399268
24275
873279
2911
523972
15303
11279
2681
393084
49943
244463
36047
624078
10389
8942
3868
263943
59507
448175
61068
582540
9273
204357
11276
600620
32668
29180
14841
339974
50712
311270
841
914469
1596
524943
59428
779047
34787
622569
37649
493289
59247
383354
53596
573598
11743
860331
54074
511531
6931
854520
7614
725174
29556
485916
19260
801725
16156
274099
51372
902718
9670
336624
53910
770875
62293
255064
40631
168216
39104
694400
50897
703235
21910
739249
45316
501770
59031
319015
61632
450477
51402
573570
4983
66728
28698
485809
27888
548241
46403
240353
62614
649095
37130
361234
24370
151064
7804
792516
22461
218403
21756
477137
5049
460966
52134
51110
23759
809609
53666
773554
65445
62841
2310
263339
24855
23381
57871
906592
8991
529476
22268
345857
62574
190225
40679
824168
49747
114009
13191
732593
11251
75699
1294
131436
42737
894239
37136
233020
49616
767375
62630
452924
7178
5470
57141
904533
46590
570304
52005
508961
19514
148719
180
193140
32029
621413
39202
168033
25585
286152
30450
354713
33339
32651
20261
804885
63068
911911
13324
536963
61465
714569
32475
815933
10617
401453
5507
659214
93
388987
48186
437832
8822
464852
28193
614186
55908
55558
9097
467692
38076
689555
7786
659819
3917
656517
51553
574402
26930
549613
34598
621863
45690
438859
18309
800350
32710
490512
15464
275592
33043
421966
53982
639771
44442
108065
7388
793354
54180
381709
9889
138750
25589
548823
25881
284715
34844
754155
39944
167714
15786
471214
48234
177005
3275
523326
28286
682773
55497
250624
51836
769639
21637
740205
64839
457156
57590
319639
44005
891337
36136
100330
54713
577737
34835
359690
37453
428791
26587
614109
31417
93914
64069
719270
11174
403755
64911
650558
51193
48414
28719
353370
6769
723271
65303
914465
1730
849257
21703
672507
4777
461363
11317
337136
25001
546166
25938
746673
46556
701292
51103
439979
51024
637237
4033
3672
55644
576574
10906
598618
29492
879706
43978
434537
11380
271240
50249
440766
58907
712114
19849
609182
9396
74535
60552
56668
31252
616605
9180
663307
31908
226070
23353
742162
37287
99326
36480
166978
22846
480132
55283
51367
47442
45977
25768
152627
52356
511011
34319
99550
32840
687803
41477
301683
51402
899129
14308
142352
26250
614512
22956
350037
61410
846093
9576
74606
6550
398619
42302
827642
19947
280120
65253
850057
15635
470316
16296
801344
60469
451772
19643
475174
35207
229507
57583
54410
26654
484482
49348
179983
29419
484612
49370
636851
41191
301934
40443
758596
20687
608434
62678
452397
65263
587971
20633
344886
49901
244532
32311
291488
28213
354492
52730
703438
11411
731590
63766
456623
24788
416648
7785
268230
54913
444096
45611
764960
38408
428704
27377
287796
36073
623733
48085
766991
24445
678842
61659
712671
6465
134353
34058
754760
34352
816148
14653
144906
111
785035
920
786050
50861
309731
2304
394566
41895
563399
84
195570
24900
87915
19273
344665
12102
339104
30005
25875
47850
833469
4509
263366
20562
674925
12685
732559
59876
646234
59997
713044
43736
171043
31700
555800
6070
460156
2667
262712
28463
158395
48849
569198
54262
642279
784
786383
23986
872414
54838
379742
46959
569539
53882
249447
32100
748443
17678
736063
20922
674912
36350
427183
37338
690180
11303
10046
37335
822180
42080
38687
3290
591440
41071
561857
27532
616443
11463
268991
14709
79971
724
326105
8446
332589
34015
492336
47650
701297
32893
159311
60049
123541
60430
519056
59476
383667
36530
626352
49721
177436
41892
758612
52878
444826
13647
403435
41748
102807
11801
338202
54502
445956
16121
473686
33386
751708
36917
494197
27174
92096
12743
729214
5532
593028
11902
534481
17507
671038
41166
891291
15368
799280
11174
600601
51339
310722
58089
710962
11026
727679
50519
311422
6187
332058
49718
309300
51791
248037
17103
867163
30990
814611
17010
602770
13539
405300
8949
138881
33958
815931
57588
449694
49455
439454
31961
357731
17536
539954
37762
34033
51500
637346
21597
740592
62253
455245
26735
876068
40232
39770
2220
129534
16300
474441
20899
739265
24918
416590
12327
75365
38542
33895
27527
91603
33294
423072
33642
686954
10993
663436
55599
906455
22776
480087
57352
842305
57547
841388
6335
199099
29468
487268
36560
822194
55
521968
61803
778497
2411
915735
54532
444840
20319
871710
17415
799480
10650
730505
22573
85223
34874
162152
59624
516796
4359
855009
61131
649092
33491
622272
17474
148510
41655
105161
33318
32766
61532
192219
59262
186947
22440
544448
33811
489799
63500
585525
2689
391417
6868
2385
35555
555424
50994
246703
16450
602943
46003
568502
21221
84854
48629
306418
54595
707162
33108
618742
46695
371751
9535
728293
29823
289724
43889
302195
1460
393699
58648
187026
35607
492297
44115
763840
31469
684739
31228
290139
33096
814878
48999
835158
29631
748395
38216
494328
54478
902471
26495
351852
58300
514706
19168
410069
19265
82961
22892
870555
64912
388907
40755
168233
7846
858445
49149
178373
37549
821354
34406
97765
23424
151197
61984
779309
45411
42214
23937
217369
8233
855832
51884
375538
33539
359212
55735
840990
13497
338740
3169
66103
58014
513708
47683
438383
39600
626705
29739
157837
53744
508229
35477
359122
33682
553332
63793
324150
20416
671568
7838
659533
5139
660016
51151
243453
53118
315234
61694
385171
47838
502028
47020
176012
59226
907315
36060
426577
25334
218153
53827
641898
21849
608204
34395
226898
17243
213417
45621
567959
6667
658982
31199
747875
31595
356482
58751
776691
5251
855263
12608
271578
14118
79576
29011
221280
53287
314545
17304
341858
29372
684132
17684
735984
40516
563123
24163
86743
55971
182600
24062
612384
38243
101791
38399
692021
12640
468140
6279
201368
9157
136466
17469
343312
42193
303617
59375
841508
4120
790179
59551
450616
13950
798868
47456
765079
27915
354936
6905
857407
45626
502301
53023
706770
52396
377597
58793
843870
36257
232380
55589
710293
36384
166514
9896
792143
27207
744867
36845
560498
63813
389563
1563
523682
48319
834560
38072
890023
28035
814049
6144
723872
58294
385749
8582
726513
14783
275810
55531
249413
8263
401029
30565
92521
1601
457018
32252
225333
63386
782428
54703
315775
53145
445080
29096
28194
42638
497184
3965
787661
27083
678324
34397
33493
32960
882551
35580
886585
8275
858157
2398
916736
58152
188011
10675
729253
52757
706822
33455
487832
46535
697516
23055
874140
48686
505129
23227
870596
1525
261213
46112
176874
34110
557103
26089
480309
56871
318158
18541
737926
20030
801857
54680
708896
46069
41408
45068
633231
46493
763459
6900
723128
10148
731005
8245
202299
30867
879903
40456
826658
60606
711382
19860
870053
8915
138831
65535
454778
22970
741499
29240
418323
8218
726484
59953
386630
30221
28730
49245
112094
38853
429419
11944
207547
13397
11667
26852
747708
39213
235383
4148
591979
13967
13565
58687
384265
28462
25588
40683
429988
43503
763971
52785
379147
21267
805272
62756
455312
57383
775414
15312
603935
31861
355137
8802
466040
12995
799421
53002
838133
31390
684169
31938
620988
16461
340733
28786
878221
3568
263555
37642
492968
44461
172411
4172
118
2765
392496
52392
310662
61176
386891
43447
368623
64058
452944
41951
693858
60996
910038
18467
18266
56857
775725
32947
425300
24483
217200
2274
850781
24595
479179
5031
263291
46680
763865
34072
96252
15689
77868
13842
338504
22049
20350
37215
167116
20419
478334
60156
843454
6649
726939
30917
815089
31964
815646
28800
90069
4431
659295
5983
267660
65256
522782
59707
452661
5322
528805
53671
380649
28694
681113
59736
711979
36554
32085
18559
409482
59976
711266
62960
452301
36616
492883
26374
877282
63924
915598
62472
254534
34535
425401
32154
424638
28497
28124
17913
538980
26875
874591
63153
455885
6088
657077
57841
776534
35709
493895
34116
557883
16060
473225
25263
612331
39297
757841
13652
141801
42186
827573
17147
13991
2422
785713
11394
662404
51694
769746
41443
758566
19038
673294
360
260429
2635
131742
35648
428735
48504
765440
2617
1040
61151
714066
29688
222307
15884
341461
58457
186215
25929
875039
61965
647327
20894
671712
31635
553780
2559
587887
21529
609309
8107
333651
56807
579815
25473
284436
58629
449214
27958
90083
51225
312905
10503
73844
22686
415684
14138
141090
60394
777199
45052
568807
26564
481960
16803
274504
391
522785
51113
115375
59020
450927
2459
330144
53776
377891
33408
357998
40043
367033
2525
917058
8832
793557
28994
550904
54018
573988
18085
214336
37312
823374
54931
640363
55016
577849
8146
596334
54693
184914
60626
583206
5503
659541
38317
299181
58274
840665
42120
694023
49057
112447
23869
284338
13466
271955
49963
506840
51681
112916
17055
274600
31980
879443
43801
304278
25199
482122
6257
266454
28210
286023
3715
394999
33346
424784
31874
752076
30239
616788
33619
30805
23073
19835
64744
520481
28427
548768
11873
793967
28111
744733
34651
98272
10608
467139
40761
365644
57576
579296
48188
178528
34957
360148
37335
888233
53939
314570
14842
276022
38959
364325
43962
696207
18366
865847
4189
722460
33337
98638
23490
809833
26617
222142
46765
698957
39079
363407
35637
884749
35460
884656
51963
379544
8137
398626
59808
712800
64173
781251
46651
109735
61202
649531
57740
185159
58738
710725
21664
279666
4576
1417
8663
595649
16223
211875
21353
476082
15527
800874
42829
500086
59523
583732
47372
45165
48195
110280
56125
776688
39829
365505
37991
493959
24493
873641
48067
832827
46228
503750
2815
853869
34317
293265
508
192660
46178
634771
14132
798768
6113
132807
29939
811858
38830
297549
11207
862382
15427
733428
4885
198740
27475
154504
39694
428776
60783
583810
48072
506035
56044
709281
65176
261481
65449
64705
55202
577132
29543
484258
45897
175783
37402
297871
58128
53487
54300
510395
16273
864289
16582
211023
39856
167266
64307
453998
51679
639940
10566
859889
35906
98795
27350
222480
62071
389029
38342
691506
33766
688113
56139
118134
20439
409207
8027
792757
43394
760030
23271
874475
22231
18185
57355
253690
58118
385437
17703
735294
35747
884159
18357
213917
22068
87290
24822
350229
14740
208368
39591
756611
55791
186392
15405
143168
30838
353957
30027
551843
24368
481884
35171
689977
39968
167244
2311
850093
40223
297710
42227
694563
17517
15607
1786
653386
22086
479588
17616
13268
7424
200451
28756
615358
5252
4450
8345
465919
13076
533833
54179
445746
44418
763581
33793
555812
58939
777615
41007
562131
23620
19072
30291
685258
13297
12366
28299
27441
11241
9549
46559
699322
27788
27715
32393
816207
34591
292082
42561
500829
54736
182707
1279
63040
6585
332163
11145
73137
29727
619453
5850
526726
19223
868354
16923
341507
12880
667624
39129
103022
18912
604249
13583
272709
5859
857438
13725
666283
50426
179047
35859
426745
19947
675164
42177
107676
51370
641040
63862
521457
13570
403002
13266
75321
10405
6026
16798
473851
56542
577103
3255
197166
61763
716094
11631
9643
14718
801048
56449
576156
38996
233783
1711
394708
19310
279624
14441
600290
20508
278401
51467
637589
28440
352493
57933
252238
15411
667823
54810
575125
15220
405122
7499
135402
41521
892875
27174
482288
42411
39024
26870
353383
44365
105526
40651
564682
54620
379128
64390
325120
27230
286163
65337
454245
47905
174392
2969
328979
56876
52927
30027
551006
12102
11599
3086
523186
46746
242090
4229
720906
33712
884538
2209
654924
31294
882705
62486
651725
2414
197124
63793
652088
36165
97846
58186
122025
48586
44391
54020
707267
9342
271381
33720
292421
19470
870923
1543
785901
24989
152055
18898
145856
36559
360787
42517
497798
3393
1366
15949
473291
55886
446377
28475
157449
21344
152013
59571
56605
17348
540316
3099
393184
44270
368451
10707
10396
10737
861163
38890
759145
7936
335476
10450
203987
44714
698609
40757
170749
1675
914607
47326
175419
60251
322336
7955
659433
32285
97770
30475
29843
63754
782081
25434
287207
17241
736734
15655
14830
28519
23910
49498
177395
44784
238533
13883
863083
43487
40071
2498
393333
29035
25285
57848
711994
44910
304563
64386
453744
39154
363728
27395
25800
14689
732975
52326
574505
57997
514615
53930
577002
35470
493506
16604
406036
18265
147563
53702
183455
13689
470823
20318
478896
39962
694941
60920
581876
24342
808504
35858
359353
7208
594059
40587
498110
3525
196891
49706
637970
18045
410884
19552
475625
33043
752981
6190
660176
10637
140433
39535
821706
28820
812278
21918
739844
62948
718111
54993
382577
10180
337077
39356
760102
54381
185412
10573
862031
10816
336548
24723
611244
33379
228880
7988
858521
47045
437121
18911
870320
27387
92728
49956
832545
62208
389708
60792
189331
54415
115485
65532
192865
17488
277876
35982
101058
12888
729824
43731
237064
36924
229480
14201
535784
30896
289571
60493
189279
32077
423888
36516
557447
45158
892620
12683
401990
17246
342293
59016
515523
37557
167080
28598
745021
12477
76339
2381
460781
40407
692564
38199
37885
20048
215663
21012
348411
20165
17388
12539
667128
17253
800926
17436
14688
45691
107732
25368
676177
24285
155075
54289
379524
57322
513983
16166
277507
26154
548071
24231
21141
57238
907642
55379
251392
15576
341929
35008
492814
54001
706555
33030
884654
60796
56476
58732
253609
18335
147134
41136
629965
61997
322083
22107
87069
47860
47344
12309
142926
31573
224034
35384
622042
5868
267158
5431
525694
8365
532165
61999
452621
23626
23046
45963
766843
44545
371887
35404
492810
52053
706817
51795
506241
11755
732312
29919
224427
64806
193831
57662
581180
27726
287134
2184
131588
52037
836391
26606
25385
5189
394642
54302
246739
40962
433433
37306
167231
6050
264069
794
62323
11520
863258
42455
499887
26676
90110
46841
175787
16322
799817
26384
351975
15583
473809
29832
812795
2930
198631
45322
303204
40022
887951
54278
180937
6642
592130
24179
478934
29848
552300
48480
307851
19267
213704
38053
33546
1596
392239
51629
180049
59173
713217
35144
687742
29439
29426
39373
102988
16836
472698
42256
304023
17430
15078
19512
215799
60491
124049
22082
281252
4216
199363
61887
125771
65089
258432
13331
667866
36486
887837
45731
635419
36388
294437
49762
505650
46495
766281
12992
404059
5832
722987
27407
416320
10139
269001
53243
770634
63272
124319
7512
465821
60345
843816
20070
83566
54706
902671
27883
351321
23929
872689
246
65465
16468
78200
13727
140223
65310
520806
13672
75338
4144
852372
28794
878032
3842
722498
23181
349996
4958
856731
53552
576767
11411
796347
8203
265759
148
785605
26837
419757
26521
746604
42527
108009
47013
700647
48141
372939
53339
313819
43231
171152
3730
658269
31834
555472
17866
13709
53986
512288
41798
563725
16813
146905
2036
65894
16787
343090
3733
460239
34482
557540
56170
55873
48932
310539
7150
858385
33695
882335
8438
662151
31907
159836
36408
624147
