43042
8220
52900
43773
36938
20683
22247
44904
21839
52392
20648
35789
31432
44260
10358
50632
49219
7980
49376
34876
31149
12018
22217
8395
39583
51996
5842
58240
19728
44128
23301
32350
1869
9674
35073
20275
10577
36371
37235
13596
55630
7213
36992
11130
16728
53298
35555
41125
44252
5770
19555
33748
17741
39315
51897
23549
51867
41982
5821
54422
30805
20375
38076
49994
5736
25165
46062
9007
3829
57841
16057
27225
37337
39710
19965
48335
1599
25431
59897
41711
1213
18446
26755
5705
38471
17666
30546
29278
53436
59001
21133
41039
16167
21212
9274
4608
36353
29177
9931
47558
3875
43103
11752
13609
11509
18262
54209
49010
47152
50703
23533
35796
49300
43251
3043
59328
11721
26968
34740
40679
6676
23930
1621
36716
4519
5139
1223
46783
27602
8851
7654
48250
58536
14011
24329
58758
45786
12707
20648
12340
2784
37060
15439
401
50126
56711
35764
26418
14375
42371
14263
29699
3205
20237
56221
16430
58843
40648
20052
38755
58500
6243
45986
40309
36678
30609
51438
8502
4697
31528
21081
2921
40409
33205
39766
21228
52986
49304
45504
10345
46002
54
24472
40428
5729
32403
24023
27255
47188
37420
59140
27801
2148
3487
21447
3272
25792
7389
41690
31284
7550
14376
31074
22034
20650
53270
3395
57468
25658
27814
4763
900
16197
40888
10633
14867
32277
30722
20960
38372
47352
465
9615
10961
17694
22933
34246
50503
29398
23103
4997
8039
45948
49394
10571
40220
42878
7532
14071
29964
16825
9442
11127
17889
15689
13515
673
40669
41968
6559
10506
9734
15695
34455
3763
47566
22826
20517
16324
47308
15347
37308
22319
57576
8501
5749
20790
33391
14433
44586
16850
49763
15815
354
4376
9318
13468
45453
21845
27151
23445
46732
28083
25093
34893
5196
34235
11667
4421
12345
51769
7882
24468
32581
38696
47299
1462
18369
47756
37549
5122
57873
4356
45373
52369
24593
215
59497
16477
20582
13302
20866
16380
35046
19664
59679
25568
27985
59368
31764
5421
40869
30752
44648
7173
21115
39994
8861
58502
35992
36340
7252
3345
21197
59023
50675
53310
16899
35615
50342
1878
50578
18334
33070
36200
57341
39567
48936
44426
31348
40764
54925
21223
7178
34884
27440
7386
7680
54519
25164
34284
39670
28540
39445
52566
55104
49286
17350
17361
38257
19123
24392
32186
36101
39091
6999
44044
14558
45893
34818
49026
32102
17559
24856
28024
35932
55449
25686
3338
23186
7378
34499
35703
4353
1878
50078
33207
5458
56261
51789
57501
286
15794
36602
7535
45868
21822
26451
51874
809
48222
41167
3873
9833
30270
53620
35276
10414
42204
1122
44087
49744
6834
49413
18127
6821
23357
58998
28621
57744
124
51228
57880
51321
32884
38577
38190
45365
10628
10890
788
23148
39182
50091
56157
6839
27917
11819
37294
1584
7306
55654
29297
12159
52190
10223
21953
1671
8791
22271
24450
9582
23276
12060
53160
32639
50057
48077
32079
37347
40103
5991
1275
49029
51112
24902
38393
53018
41646
12503
43352
1842
16942
58481
59815
48112
50078
21882
21861
2321
48874
15414
2332
45607
42629
19288
37675
44573
21675
25019
56295
18567
34945
6133
48549
46638
25488
309
43203
54128
58317
16610
40549
43605
2091
15511
29612
33898
45939
47958
15926
7137
4291
7190
57345
239
20793
52841
3848
34144
51327
47988
37081
59258
19065
17870
7603
56229
6170
47397
22618
59619
5422
18040
12656
6014
16359
53183
51282
6441
2102
6253
22896
39692
51811
46061
21971
46726
33120
19256
17574
12511
31181
52664
43343
6251
37936
41129
38447
19391
25648
29626
8805
6158
53827
19579
50211
39021
14047
57784
17952
42290
57792
14300
351
27928
1600
54622
27860
22933
53608
30527
27907
1442
47907
824
9870
20054
24129
9287
43139
20076
49633
7861
37012
18496
50828
25574
7772
38280
38391
23167
13447
16651
57826
4959
56158
79
14959
14177
11643
16272
47049
8095
40325
12989
18628
0
32179
58762
10410
38372
23787
41647
20975
56207
46540
33287
37899
2452
16333
8494
27818
16579
54698
31517
48408
36280
50141
41134
21190
34679
56497
27110
40539
60000
13
24213
47969
1835
29870
47201
19504
66
4266
35911
16093
40218
5112
16637
39585
18016
46189
19916
54994
33519
2118
23766
26330
5394
11418
57416
48283
11881
9480
16748
36759
32905
14159
33360
28019
40203
20544
26756
19241
48552
15199
35956
7997
20066
12759
45933
16895
46108
22923
13695
43550
29541
13012
50982
48348
38469
26481
8539
8926
50385
48676
17676
19244
30040
22
56012
24366
23177
48057
3758
4165
24605
29243
18090
36457
11667
41633
14165
28461
42232
32508
26887
17483
16456
54699
27291
41311
35061
27389
51047
28308
2766
10397
1061
43231
20527
25362
26290
45054
57520
8411
15537
30870
11031
44410
57796
10030
52059
29226
18654
29062
53307
17053
28709
3014
39023
50068
15135
547
24836
51730
41441
52018
59233
56157
8947
26319
23568
39386
6248
51230
30981
54329
28126
20499
25484
48310
30380
40645
12863
3062
7129
54901
32337
5900
56805
53925
28831
11006
6455
31009
11452
25793
56380
30845
44261
56805
59859
28845
29888
39942
1569
8948
41569
38987
14891
42053
23397
29109
5888
4850
4562
26204
39992
58197
18656
48948
34844
49132
59602
56370
5838
42480
47885
5768
50506
20335
28926
27977
50983
8038
19192
48893
7193
55476
56827
49509
36358
13359
42787
22349
6193
2992
6160
13603
26331
15407
22825
47774
7289
56076
50987
38737
53515
12166
30409
1887
55734
53923
55960
3281
44203
9525
46322
38331
11077
58928
25033
57666
30598
27680
890
21354
21894
19966
4570
19228
9840
4605
10650
20359
3202
53552
23558
47872
57864
8293
29718
5515
24743
47409
31719
44624
37887
51852
29388
32813
9791
42462
19808
36502
17486
43291
36853
52739
35529
16513
39995
11337
25055
45625
3655
783
42362
50240
51002
50944
51888
17968
17624
40263
39915
33483
26559
54017
41444
52555
58462
44356
40892
46872
14381
7583
40751
10240
52913
55343
15761
27743
53842
59648
16313
39232
42418
10162
47588
18412
58667
44157
23537
21944
44210
15609
31189
23502
40005
36052
46800
24143
14125
1512
31032
4243
58339
17592
26342
50015
36830
54599
43827
11231
47636
33407
7747
14942
9464
28625
39846
5392
51448
36371
7057
23378
24711
9842
29128
8762
59960
21748
38329
22105
1650
49313
26184
2643
56946
32979
35974
36976
21284
7681
52259
16803
40945
41172
18816
40561
2336
22822
43174
6465
29010
41415
2435
25016
29640
19562
319
49611
16514
40311
23432
58043
29189
34467
44010
16350
314
32349
13613
24787
2611
36891
42226
12228
23172
22420
38840
34681
14213
55439
44335
38267
48729
38027
19892
24980
42891
52766
4850
5649
11487
55573
57393
6118
37343
46576
52486
52605
3981
824
28923
8905
50016
50275
39944
12384
5751
223
50884
56854
13128
19092
19034
38862
4920
17322
59394
23541
32477
23096
52256
56669
48321
4130
55513
59346
52543
8996
43428
27955
9113
2132
16763
7831
50487
44064
58838
30759
13546
47114
5800
41006
21131
17466
36128
1145
45776
53631
22409
24370
35593
46675
43403
9497
55086
6740
35741
3233
37028
56229
47268
48971
53266
41117
59639
30251
14264
41234
53768
49589
41141
9759
26546
12681
37292
42457
27449
28727
34050
1502
8712
2499
33758
24247
4713
25510
19303
41046
17487
53068
38599
46710
35543
25388
46926
44545
29146
16416
5317
8804
4349
11069
49800
34478
52155
8020
19742
52152
26758
310
14772
15149
39211
34765
34587
38862
7201
13641
18956
35027
19341
45407
42787
34967
22900
49605
22693
50458
26707
52656
59532
33478
252
50222
27525
54723
1410
18619
18655
50959
2172
52708
50159
31093
30552
7361
23911
38899
1565
43075
56512
54116
47644
4331
3999
50660
22667
6596
760
21050
31394
21276
14579
3868
15502
1722
52080
55176
14052
865
57253
16580
45144
14148
45515
33059
12485
16312
15825
30105
5997
40325
16410
1271
25396
18977
29222
31446
35812
37670
21538
42648
9378
51641
16680
24575
53822
225
3774
22401
31768
56875
44176
44047
48354
58956
50263
56628
13781
56743
1776
10806
4002
20690
59083
37337
56816
27710
14865
40272
19015
7738
58290
53406
18285
2896
15273
56349
24058
39741
37627
20052
39265
22816
20053
4312
455
788
32828
46164
49197
7308
14666
4830
54349
46544
57431
1269
24274
58560
3922
20938
32922
29981
42682
22774
35945
51897
19052
52419
16292
29982
50698
35910
43494
21421
29024
34887
52920
38043
27188
20818
58697
33982
14868
22932
8480
49617
24256
45917
16779
27499
51833
55546
36643
14682
51870
1906
34051
11776
38095
15863
6583
26817
23677
41923
38270
8989
18194
10412
39128
30053
55206
37441
48617
26096
23996
40971
52585
58986
6608
46881
45552
24760
40205
39741
10747
26040
42566
13872
37219
8864
31016
59415
59060
54608
26816
13395
38154
24436
52826
15230
17383
54168
52250
45926
20762
58660
58935
49985
19104
16243
48220
36286
14164
4025
21063
29775
54414
39237
523
26252
3639
36521
45667
50317
602
32052
9894
58043
34370
2475
12047
4834
20212
25306
15825
4265
9191
32117
39643
20851
2847
56421
53500
4150
46925
38581
51557
50936
54705
35847
37410
34071
34033
29652
12675
26745
51111
39227
37628
13666
38103
7921
57303
53326
23054
14361
56625
16930
49011
50550
7463
33867
19165
44439
46509
5371
4307
17832
37938
5576
47222
32280
35959
37389
25348
50846
28750
55002
27802
22568
4601
7913
37599
20693
30589
38330
43314
31377
39195
46720
23421
17161
20179
33847
32135
36260
1352
53035
15016
34208
36362
14252
6024
40918
21330
50020
44269
25582
57521
35147
37337
58518
59169
55370
9403
23110
27687
19890
30616
10718
46314
7776
14372
2390
4754
50195
14569
36988
36768
23167
3569
28564
35698
45464
24778
18701
18298
19870
24735
36750
49503
44736
21864
26379
41852
30859
44381
27047
35433
49447
48169
25995
48003
1460
55282
13630
9672
3195
29583
31054
34347
50505
12976
24927
45644
46324
34015
48681
9703
670
56722
28358
10220
13456
1689
43670
11787
26037
25669
19939
3707
10359
26565
8958
5618
59172
11303
12857
17102
10178
5592
3655
14962
40758
47951
39110
25719
1758
8636
41326
39759
14193
47964
32978
32277
7293
4237
47725
12925
7181
1611
34974
46393
46885
31306
5481
56121
26586
10493
25969
20202
29501
20622
18307
37804
14853
27830
7901
51354
31765
29447
38307
44307
43245
34659
16754
11146
29732
5159
59052
42750
7379
12275
34347
55837
48211
55880
22893
1101
57370
33104
20741
21624
21627
48949
12760
37996
29675
1185
24398
22439
17673
35235
13098
14567
22596
3028
43030
19984
26988
28757
17920
27412
55230
37656
11994
27967
59231
24171
15909
48863
4687
58078
51956
9263
19307
9639
39320
42496
37421
26714
58470
32833
4925
51714
15889
28466
20382
3384
48624
37031
55605
53976
10442
26150
33747
11432
35928
20369
21140
39562
36371
25961
43767
53740
33281
23783
53171
328
47369
8251
6880
30696
45003
18224
53135
41879
53387
55863
49175
25672
14888
24268
59806
36520
40003
31644
35518
21994
31642
28299
5154
27823
37642
15295
19528
51977
59687
40731
39474
54679
6690
9132
43307
29822
12701
57841
45321
13113
49208
58552
19545
57538
8504
49272
45192
25481
42248
13010
19334
55219
33949
29454
7478
29346
44188
35777
28902
36433
21246
54283
348
7053
33485
49981
39322
58441
25150
42061
12248
36990
21543
8687
17074
24023
56035
781
45183
20634
21078
5170
56438
37462
47368
50696
4616
28539
47465
26660
43438
51747
13564
23764
40119
37312
16304
15696
55505
5331
30394
5228
17672
15439
59173
4241
52047
20762
35469
20320
26814
28309
54088
54740
7682
41698
10342
32043
19281
12236
14345
56503
6169
43897
24786
53407
51561
16411
26327
36931
51208
13482
28170
18752
52908
37312
7168
47649
7815
9340
22200
8262
50184
1393
29905
15775
23521
29827
56904
23140
36388
12962
4139
53729
28894
58340
51099
14781
19204
39641
57353
19237
30938
13119
4401
30080
25632
12264
3769
35326
23985
35098
16620
11576
35215
52721
54974
35291
7923
14869
3255
49829
20254
15597
42897
44398
18243
19295
6760
50873
44472
1479
36094
4398
30043
56049
9649
23895
9360
23626
20087
19067
40668
58333
50812
7892
16843
47249
41130
12308
1535
56827
17348
45737
21356
12085
16299
55335
20754
14698
25952
24759
10371
27583
28424
33422
50121
8930
17858
18204
51784
10371
33421
33891
6461
49296
37529
1175
56223
17206
7217
11576
15666
31793
2992
51274
23513
44533
22860
34280
57673
14264
33651
6384
24229
39280
4388
25077
52908
21088
21914
58860
50537
43286
13801
12464
44245
45231
49715
4119
8179
18018
21884
52662
53700
56617
59432
5890
48680
25820
13508
55340
37695
2900
21536
6110
41055
25454
33063
7454
27486
30979
48014
41926
29817
37333
55054
31802
37357
36660
29936
650
49868
6108
2127
32452
54663
43728
53400
53734
46695
40110
7920
15047
10514
9022
39666
43615
1759
21793
44382
21226
8541
42916
16238
56023
885
52684
4997
8670
26774
49294
17856
54282
21126
5865
23461
56153
15466
39733
4484
55536
35924
10303
29503
55932
33675
19038
1782
9824
57823
59007
6241
40635
12917
38700
26816
58987
17874
12185
6342
44921
15107
57986
26375
3793
41578
44873
47899
32322
20009
53704
47270
42811
1218
12619
53449
11827
39600
15926
54999
14204
4650
11452
4495
47985
28567
50436
40072
18400
462
47237
58455
52035
28426
50751
5849
16107
21527
25120
57280
42493
49791
30294
16128
24631
56384
54319
59934
6927
4347
14095
19729
36697
15800
894
26708
50656
54370
16418
23355
23585
49224
14745
20782
29782
30511
17896
41891
32591
18362
45120
4250
15976
23495
26768
13076
51066
14947
40512
21639
59034
26418
6854
1618
1206
42366
56944
49205
46260
30327
34099
58020
1369
28520
39189
35605
37874
22215
20287
6382
56367
1600
49068
4945
32830
58864
50770
30575
11157
19386
36963
24665
20139
22123
23447
11679
46273
30341
30903
57841
42505
21911
43989
18129
46943
58462
54062
3005
36638
42082
43997
45019
29179
34458
55681
15505
48638
29555
37363
34747
46238
13434
9258
38715
22066
13664
37577
49901
54608
43456
5785
16803
5154
57223
15718
40089
35026
13634
52432
16088
35039
31836
47238
6772
45011
14227
12061
4611
26597
30776
38833
50752
17442
8509
36506
10267
5248
29906
44171
20585
20632
26929
11590
4265
31014
17636
58051
25597
38927
30444
55579
30854
6542
5488
21728
42445
25498
51685
15893
48599
27407
55265
8056
36637
6192
25814
44183
14470
38525
57402
18606
26719
54072
48250
32622
13872
20282
18903
49291
53117
27673
43703
29727
8117
26210
37546
16807
43526
32139
35854
33869
51248
12568
31085
56367
41434
10729
44626
902
22521
9067
3790
47859
44853
21600
15781
34107
20076
35136
38498
17434
51572
1031
38542
12129
16172
37229
39008
53013
14014
7913
22413
35579
36084
25317
37533
55493
25208
35513
17423
49999
23409
1515
4843
5696
52108
46498
38356
47813
43230
40890
12763
26551
29001
33452
5375
43617
14548
7949
13825
57966
36400
8465
41307
52117
20408
2856
15140
51022
12018
48617
46675
56870
24832
58979
20883
18765
13253
43322
31741
41049
27910
1192
36837
7389
36941
5330
26657
13411
40368
23756
38884
50894
27839
86
40178
50228
25794
31222
35928
16127
25896
34062
46931
59287
14812
36949
7198
25887
10085
11105
7852
7844
7625
58116
25003
10437
34499
23659
54454
19014
21912
31948
49486
29094
38593
1070
40037
54918
1544
23210
27945
18659
40126
47839
36834
52143
360
18387
15318
24573
751
12524
1101
53765
47500
13566
57187
297
16954
17357
17253
42645
42792
35893
30346
39732
19743
38239
35695
4252
6560
49643
27029
29014
52531
25365
12668
3704
7304
3531
32898
54673
59639
13065
59450
42341
5283
47121
41954
8235
21688
22760
8105
2963
20262
42240
40095
48935
3876
22888
21959
2576
41334
37788
28951
7782
25370
59065
46399
11164
48571
21115
7578
27817
41472
10933
57902
32552
1520
11946
33948
46719
47303
9932
33369
32136
41413
56831
46148
9555
25579
44022
53402
28073
49151
32035
3139
15791
56016
50458
20314
32675
7918
10940
51798
31320
6903
32691
13421
52487
9894
50438
43873
3479
36810
42230
34914
59663
10522
44210
56790
398
42063
31224
57557
41440
7312
14331
41274
4416
17697
44008
2681
22552
18242
3375
40955
38064
56062
15726
51751
2479
109
4239
17153
55231
1342
34339
16887
51404
7041
21000
22214
9791
39855
59897
11774
56286
14996
41042
52958
19073
46855
47691
46323
51929
14631
41127
31686
10396
16612
38089
1801
36423
50673
15390
50260
24706
49723
33871
1410
51701
53681
6540
7359
44775
38615
36145
17652
35574
45345
55612
54738
49949
43891
36324
47470
27139
14211
17484
48421
5330
46627
33716
9242
57238
37713
35885
10608
5919
26900
7988
38450
58818
10535
59415
36828
20144
7394
56118
40314
49247
32812
45562
26830
55594
49185
58908
56717
4820
59196
26683
46583
34551
43730
19946
1407
56711
3837
24367
54657
56027
53818
24076
2250
2396
51671
57883
38874
15743
14574
30381
16168
12154
20492
20982
45532
29700
23568
10388
22168
50432
54235
16609
746
39661
21067
58325
4639
2872
49955
38974
907
16013
39918
13163
37223
24495
30822
45354
23278
35160
42422
54019
26925
56062
20066
43872
27286
40805
23141
41023
38603
15891
42604
13027
35603
3373
42063
42754
59367
49871
17408
31486
10594
38254
8949
50995
10878
43167
46513
48426
11624
4136
18079
47382
24724
45105
2818
18181
12811
7118
7979
50655
28982
20097
26261
15798
36488
50970
14321
33072
57766
23142
31535
28682
31557
8585
47558
24455
5421
52644
51293
48854
6872
54166
13575
46441
14338
26473
33970
32086
12185
29795
36149
53110
49817
58174
17328
35757
14841
13436
42742
55996
10964
8790
58286
46931
32622
3647
27815
34358
10391
26687
56605
43896
38836
18265
17618
29786
41779
59063
37953
21093
29818
17775
1751
46484
44960
8201
10581
12432
4246
58056
23063
56358
47615
56587
30645
9891
56508
18146
12884
24714
38987
36773
27669
32607
44867
22820
486
32818
26667
43979
34961
1483
20557
53799
19835
19466
46172
11179
9983
19571
29506
40129
9052
52194
41164
40763
48945
48183
57867
58797
49466
24483
49932
21317
5574
13502
21121
41739
40972
34223
33
36173
49690
48498
33853
40603
51243
2145
17428
40761
1707
4677
32292
30795
45958
54645
18254
34226
32599
21954
46232
23210
16227
11201
53006
54383
13518
31009
41164
50676
20224
53358
6685
39890
20133
31617
44255
11968
53270
44027
43502
53203
11657
22701
6916
38109
45414
13655
38938
47452
46701
41344
11143
55743
8128
23252
610
10743
10415
32459
2573
15776
43570
34459
43485
9702
45096
21387
49013
50662
46698
4388
39129
4744
15872
9028
52590
20028
40853
50579
21817
54535
4704
45390
49222
38267
9166
19856
4657
52735
5061
59379
49014
25397
559
43501
45191
50022
40521
14555
4782
43478
12914
2182
43983
34776
50745
25375
22021
54603
18006
3094
996
24058
44730
17952
28297
995
18145
40386
52264
15200
11553
19154
27779
18763
22138
22634
27506
7198
35242
16609
26571
19449
28978
51798
26619
433
25067
26246
24633
53959
56406
54756
17194
49047
52296
16984
867
1517
45916
58451
806
17109
53271
35159
37762
14227
43535
29407
4998
19514
20071
45995
55484
46813
49890
47299
26830
31156
15789
23399
49503
39801
22847
32304
6199
5191
53476
25632
31517
903
51124
43329
30993
15426
34809
16583
56022
15165
53715
24819
34511
12348
32540
33554
31290
19625
13248
10966
16897
14970
47391
44796
53065
36460
15138
29140
12736
22301
21596
45472
17068
25809
36452
16115
10582
28267
28558
48451
21316
12414
24849
27751
51125
49047
33404
33089
9608
35636
33446
38749
6228
14847
49015
49684
38333
18736
44118
52802
48379
8746
42943
11633
288
38549
12900
44956
805
28619
59995
45863
49584
32468
28591
4581
37008
20887
41245
19395
19968
59128
26780
19469
15814
6399
12496
40459
56155
15056
48596
51134
23560
2029
12999
1079
1851
7469
28355
41222
47013
21826
11451
17339
49121
48169
5750
42451
6128
44294
32743
54762
32994
57697
39854
53660
3665
9540
59935
24783
24569
21142
28564
54979
3388
49029
25617
21230
42451
45555
24239
58179
25444
21442
46927
10735
15099
4847
5936
44812
5142
5068
48141
58502
49601
52450
52283
25237
39812
37302
17839
13134
56693
57003
33131
23179
12199
18044
37913
55615
2019
17004
9945
16590
41141
14063
9218
15771
48825
12393
32290
56870
35489
47352
3094
56699
26328
44004
26456
52193
17864
8458
6313
10804
10683
832
33726
25367
14926
44567
58133
43841
3398
44596
6790
528
38393
21884
33935
7580
14243
2311
26871
11844
19064
17419
56005
46013
17382
2044
41197
44217
36081
18728
8001
38409
27713
56661
55868
18576
8020
23387
38017
20187
37985
7904
2584
20340
28641
32705
21425
57931
12725
54244
54958
16479
40458
23119
21407
42046
43009
31497
17378
56005
55828
49230
9813
21914
57706
2624
4488
17330
53050
136
43773
19079
39690
27096
46351
55155
15527
44681
3830
6529
28560
13410
48096
42458
26194
50220
31988
24086
14727
41453
18850
12838
14415
3401
2206
51403
29053
15912
1833
46473
27210
29090
11981
14078
43912
3407
14562
16998
15152
46777
26761
259
855
57471
41030
41498
22687
2351
44125
32796
37224
53578
25326
19412
47071
13873
11826
56242
42879
14977
21455
9888
9650
33918
57761
35704
32943
58133
17318
34765
38290
30693
43356
9366
314
26283
12430
41
9095
17576
35437
11973
1646
51769
1440
49525
32258
26326
21382
36259
33044
3378
30118
20747
20462
52967
9720
43223
19095
53059
11817
59534
43061
31317
8869
33014
8595
23785
21612
58860
20713
19646
57120
18223
26955
6306
12819
17463
41520
51202
46221
48047
25560
29051
28031
37926
46384
15968
39595
24559
25326
57481
795
42648
3617
43252
53413
50267
54494
55830
26413
6014
16492
59454
38678
20685
1235
43689
14332
14293
24462
6640
44351
16584
37653
3703
40344
42562
17996
32903
49707
41280
7389
19177
51409
39850
23994
31707
48115
49995
17316
31795
51339
55184
19541
17706
35123
9101
17193
15995
26055
39791
7256
16557
56670
4612
16577
52195
12546
58165
47210
58097
21833
40601
30245
27125
36698
1714
34803
495
30783
13489
25179
31079
27849
10366
31340
42855
18307
481
32088
51491
30917
20713
17768
59962
49623
36703
26802
20552
49909
51884
41504
58516
6879
5134
5900
51276
1464
48658
20378
32778
52945
38430
56632
55181
19709
33205
40069
41902
54800
42801
11673
45259
7547
4498
32874
5410
55650
32299
18387
27156
41775
7852
28557
8428
8608
9893
30103
627
56213
30590
30138
51779
51451
27756
51769
5258
37037
38362
57571
25745
23922
19069
1125
10780
19266
26290
50328
27205
38538
53248
24232
17670
13428
1949
2321
23676
3232
52423
36006
33367
11143
1655
13035
12194
32895
51725
19156
18888
54471
21798
34109
15150
42589
3873
37151
15670
2159
16502
46318
51333
48847
3676
49280
20907
48760
40022
33190
57983
57983
3407
10929
56538
642
9749
35480
46351
31353
31963
9225
27089
28521
51989
47961
17885
12225
29821
51113
19088
26699
42099
27065
25700
11597
38989
24869
35440
7617
9003
40351
15103
352
51701
7134
36114
24561
25304
14675
34070
47748
3662
36470
36749
54707
1485
6869
33605
20022
45747
49468
40931
47889
23159
27973
33023
28201
3526
19308
44160
51425
54869
58236
2044
23452
33839
5267
17159
21280
44112
18912
24602
30597
21152
35904
15949
50009
10266
56344
3352
19090
41456
12784
26612
2937
57121
58475
11661
48389
1049
11167
2798
33675
1795
40744
38510
9123
14407
50839
24649
49484
51114
13271
39868
35041
20843
57476
22315
39015
41860
25438
14893
35373
56710
43036
40843
50649
18446
7833
47214
41934
254
36249
31800
58833
54558
56320
1305
29678
20800
59606
51601
34143
28559
29499
58110
28763
14793
42031
2889
43069
38576
30146
6893
22206
58825
19613
8247
39847
26069
2430
5502
37916
48326
37840
9112
39494
7962
16877
10328
23233
35714
47183
19339
58528
4955
29823
290
45391
53911
36194
32400
8835
30413
37653
11624
43203
42795
11833
14444
28041
423
11146
56880
12233
47693
37123
29270
29286
36558
32218
6666
9311
2927
37637
59903
30493
30707
40818
14758
1699
32993
50662
24708
40847
29013
24092
10057
41920
57061
40730
14449
50248
41785
7695
48729
7276
54638
42344
9294
55180
6112
39740
10041
30561
25938
3759
3232
37744
51393
56361
34876
12329
17153
12619
48457
1638
51213
45868
19220
35244
43620
1022
50707
24836
45561
22597
29767
7578
23491
14708
38633
44070
24388
6692
13492
40527
37045
56305
51857
51095
18432
19194
29346
42327
9307
47365
52866
3716
37828
56991
59475
19267
45731
25453
22540
44108
7080
49696
31890
11176
50401
4049
54333
19179
23972
34098
21821
53779
32652
51991
5762
24532
20849
40799
43474
59822
27796
31950
36694
22352
44353
57336
33192
39855
7428
51392
20341
10306
26440
34427
6990
27353
37235
55625
22085
46799
24143
12134
39129
31404
1368
15024
34386
26414
4601
26437
33100
6313
42847
53011
1864
1402
30884
45305
23685
41291
10548
30874
43645
2925
6931
43782
7279
34180
46519
9580
52724
9390
48316
50843
1407
10373
5588
8659
52645
48089
29202
35268
47537
19226
29363
32467
39940
35897
22564
1473
51164
58495
11817
46229
33644
32911
45137
40984
48994
21349
34603
10480
41309
6627
19791
27962
35169
25811
17733
37339
56439
13202
35936
57333
33087
49774
17619
54864
39173
4082
48393
18542
730
13217
17387
34139
54413
19211
33632
56332
34665
9325
52995
1283
56957
55860
52262
43351
53307
48434
8101
7303
17164
41668
7575
38948
30906
27776
44471
20670
10958
30095
33502
56570
52328
16765
11066
48477
51717
18621
57291
