4985
1728
5379
2215
9159
5482
2001
4676
2522
1331
4077
1706
8478
5900
7858
1327
8183
2517
5937
4489
3771
3142
2651
9322
5644
4580
9477
3078
7416
6662
2022
2212
9843
3396
2884
6513
7012
4621
2094
7327
5029
7456
7217
1334
2294
1386
2567
4609
6054
1749
9420
9464
6556
9460
5823
3438
1879
4436
2000
9514
8057
4203
3567
3245
8772
8750
7679
6491
5923
1216
3714
3845
4976
7753
1018
5259
6715
1486
5950
8285
7029
4174
7211
5979
3298
5348
5946
2066
2074
7195
4689
2837
6269
1603
3628
6830
3719
5270
3669
1561
8151
7775
1661
8343
4698
4861
5246
3120
6073
1946
2783
8752
9434
4050
5223
1205
9839
8790
9892
8072
7555
9752
5242
9426
1982
3222
5559
8017
2356
3844
8860
7674
6376
1135
3349
8607
9621
9619
1160
6049
8050
3575
8012
8450
6063
3514
1749
1420
9763
1139
6431
6301
4899
6651
7355
9620
7394
4004
2609
1216
8835
4751
2536
6713
1622
9122
2418
3874
2695
8017
6694
5601
1642
6506
2683
4257
4825
2794
8446
5103
3965
8179
3839
6448
3320
5246
5466
7498
6732
8599
4059
4164
2158
1692
4323
3843
9561
9721
2631
6638
1698
4064
7817
8187
8814
4042
9400
4862
5384
6354
1912
8565
7719
6080
6376
1435
8840
1884
2185
5560
8513
2167
4698
2172
9938
8471
1695
4267
8960
9984
5693
1625
1763
7524
3305
1409
9315
7210
2515
8430
2542
1635
1137
6062
3198
7668
4266
2666
3184
1981
1800
5554
7821
5214
4904
7123
7948
5200
9094
6697
5605
5544
1696
5671
2579
6681
1238
6670
6632
8583
7160
4982
4273
6224
7477
2780
5487
6985
7017
5714
6005
7057
1564
7331
4975
3664
2668
3132
3511
5317
1826
6525
2788
6517
6324
4970
1334
3025
4015
9383
9168
4849
4686
1095
1256
8632
8472
5117
3786
6734
2155
5165
6077
1984
3001
5893
6649
4001
3316
2026
1304
8857
4606
8010
9400
7357
4687
3533
3715
9949
6149
5311
1602
8373
6059
5635
6308
2978
1140
1949
5211
2181
7376
9167
9178
9177
5294
9812
1383
4283
2231
4828
6471
8837
2073
3513
9783
7039
6377
5372
6473
4845
6669
2225
9355
2249
6818
2799
6098
9240
8085
1367
3449
5580
5627
4130
7399
5606
7836
9363
9530
9286
3633
8938
2407
1711
9374
8175
5229
2151
8553
9016
7989
2594
7024
3680
4877
6778
9382
3946
3923
4719
9592
5139
8466
4154
2151
7531
2117
2479
6339
2271
2667
7075
5042
5504
7427
1859
1799
3698
9267
4485
8302
1458
1250
9437
6874
9780
3873
6751
2768
4433
6583
1863
3208
6604
4973
4137
6772
6416
5904
8322
5211
6454
9207
3512
7270
5140
1845
2916
7512
5861
6210
3680
1103
5989
3078
8650
4701
2421
6318
2412
3534
8546
7455
1869
8168
1659
9079
3865
4858
2363
5447
1338
5960
4171
5609
8803
3155
2034
7634
5866
7297
3138
9763
3283
4008
3108
5215
1374
2685
7113
4301
3147
3793
9158
1834
8664
9165
2313
4820
1029
8156
3763
5783
1596
1728
8122
7957
9230
9814
8733
2475
5859
7768
6264
2082
2940
1390
2096
6612
2696
7537
7054
7765
9568
6666
7037
3541
6946
7922
7495
7358
5545
6658
5022
4646
2139
7029
7820
8444
9445
9825
6091
8855
6127
1608
8721
4221
8140
4748
9277
5096
6217
5265
1553
5248
7554
5146
6568
9067
8900
4973
6176
4105
6438
9700
4233
3465
5308
7090
7767
3462
2285
6974
2521
8185
8718
7799
4704
6472
7380
8281
9546
6277
6895
1877
2512
9878
6803
8593
9442
8950
5932
5939
8350
1912
8971
3191
3125
9472
2113
6472
4369
6939
1006
9377
9625
6860
9040
9333
2947
1218
3663
5119
7441
6634
1089
4879
2927
8574
4431
5233
7209
7847
3404
5332
2355
1751
5503
6182
4753
6907
2402
6034
1133
4438
8667
5099
2890
4568
2298
5868
4522
2394
2091
4506
1833
1667
5948
8319
2110
5388
4386
8137
5111
8716
6768
8660
8268
9770
1684
1325
3678
4904
4524
3611
8569
3112
9569
9006
7728
2082
9975
2161
7346
5367
5510
7947
3889
8512
5494
4935
7262
8243
5665
3433
4368
5345
2219
5820
5516
7419
7619
4523
2288
9691
9600
9369
7229
1159
8741
2952
2895
5589
1319
8276
4315
8777
9926
7172
4246
4645
2572
4008
6913
2893
6172
9299
9568
5211
7988
8174
4342
2903
8701
3876
1782
4130
1775
5560
2915
4375
4960
7732
9448
6326
4579
4351
8221
1233
9939
9044
8498
4680
2800
5323
4508
2968
9199
5314
7331
3420
7524
5751
7379
1539
7770
2067
7594
7910
4005
7192
3578
5111
9219
3118
9962
7984
4180
8788
7572
1816
7093
6500
5709
4580
9250
3631
3657
1003
2046
8134
4730
6571
4305
2715
4475
5122
1811
6286
6707
5981
6559
5583
3955
2953
5171
7866
2648
6530
3305
7747
2891
9900
2651
4436
7165
4703
2352
3653
8992
4644
9608
6164
2072
3788
3591
2430
4609
2958
5986
4769
6695
4114
9500
9098
5456
1650
7953
2585
3861
2018
3477
4614
6709
5646
4164
8346
1936
3500
8868
3976
6430
5260
4811
7078
9359
2040
3197
4942
3371
8651
3679
4603
4671
3616
9109
9268
2243
4594
4614
1757
9744
8895
8815
5012
6687
4632
5882
7633
3638
8378
6837
7887
6825
7987
9105
5162
9415
2934
8365
8018
3081
5687
5123
2941
4383
9896
7602
4382
3271
2685
3407
1125
6180
3657
3711
1523
9789
8315
4243
4606
6137
1765
7562
2775
2774
9887
5055
3757
6380
3570
8776
3555
1245
6943
5436
7197
8345
7254
9291
3476
6309
8129
6081
7562
5397
6582
5237
1590
1777
6593
6253
5882
5421
3411
8982
6223
4316
7367
1119
8329
7013
8467
3765
3507
5129
3881
8507
2300
3386
4493
4629
4555
1295
6810
6802
3656
4036
6998
3311
9180
6281
1690
5701
2202
5462
5154
5937
1176
3320
6400
5720
4325
3551
9909
3841
2554
2296
6987
5466
9564
1119
9560
5593
7562
5113
7527
5688
1462
4957
6342
5801
8553
2837
7920
8644
9709
8095
7999
2543
6617
2708
9512
4207
7609
2244
1531
5997
5245
7746
1022
1117
9258
5680
3225
8047
9526
6402
3324
9790
3455
6074
2856
4814
5076
7735
5635
5193
4699
4296
4426
9223
1876
8153
3711
5690
7158
1830
7226
3788
5659
5927
1801
9255
3001
5114
4356
2821
4546
1704
5248
4954
1679
9627
8978
6956
1769
7787
3096
9935
3660
9430
3872
4522
4014
5106
2997
8586
4072
1608
5172
7192
5972
6206
7078
6498
4789
6522
5678
9602
6817
5629
3628
2653
8223
9264
2641
4389
8320
2613
3289
4529
7752
7852
2912
7836
5255
4785
2385
6260
4733
8940
7198
3720
4684
5308
9817
6641
7493
1809
7384
8418
3483
1542
4159
6915
4651
8551
6279
1146
9639
8575
4178
7664
5362
8242
9466
9528
5739
3811
6569
1421
2158
2223
2217
5360
7122
3539
1177
8791
5017
5829
3543
2078
5135
1967
1600
4790
7904
6007
6982
3840
3079
1395
5415
7536
1258
6508
7804
6541
8473
2475
2085
7024
8752
5736
7944
3229
4612
8897
8376
1456
7166
6978
5731
9850
2457
2951
7081
4759
8404
7320
4459
5650
1168
8695
6803
4167
7045
1961
1224
9445
7145
2687
7658
9546
4616
3789
4029
2577
2164
1992
3309
9145
3810
2560
5473
2314
6954
7241
3062
4675
7471
2139
6125
6880
1538
9758
5266
8897
5436
6685
5505
3741
5056
9683
3504
6660
6730
9069
8134
2273
1269
1280
2503
2102
7980
4328
2361
8132
7200
2332
1182
4594
9526
8114
9122
3205
4972
7855
3276
5358
4590
1348
8911
2790
4392
8636
2576
2354
4087
4242
2582
1903
5417
1552
3990
5234
3283
3534
8635
3945
4293
3384
9684
2713
9027
8139
6194
9984
4441
9453
2475
4528
8832
2141
1934
6515
2032
3997
9078
6894
9314
8794
8326
6144
9991
1767
9075
7613
9398
8313
6642
1731
4082
7539
5428
6263
2878
9264
4296
1630
9503
8618
8279
3046
6269
3007
2277
8818
6525
2688
4552
2154
4578
7092
8657
1858
3455
5441
7483
9680
9031
3146
1518
7681
8428
6980
9551
1053
5195
9379
3292
8948
2291
6982
6766
1903
1671
5480
7192
6915
9275
9220
7521
2318
8401
2229
5042
6922
2566
5523
4113
5310
3388
6742
6093
5972
4981
1564
6867
9705
9603
5477
7794
3850
8348
5879
4440
8797
9025
4510
5671
2862
2649
3227
9821
1030
6648
5325
7001
7117
3328
6260
8648
5209
8119
3298
6337
1831
5920
7084
2260
8155
9797
6050
3240
9956
1136
9860
9205
6858
8208
5449
2050
1447
2846
7107
7387
4002
4467
6910
9448
4888
2735
6477
7025
8403
1039
3343
6204
5042
3180
1537
1464
6947
9764
1299
5839
5520
3777
8033
9653
8713
1934
4294
6749
8075
4263
7988
2030
7449
7165
1609
2628
5366
6838
9890
5125
9900
9296
7117
7715
9413
5144
5703
8774
9462
4485
4222
4499
5786
8594
2522
9164
1501
1817
4013
2380
7142
8639
8933
7198
3334
5886
6463
9110
5532
8549
9792
2451
6789
4392
1374
7371
9540
2564
2916
9465
5151
2638
3002
4228
5726
2837
5672
4693
2411
6539
1879
1994
6797
7476
2131
8429
3494
2730
9169
5956
3696
6392
5968
3121
9354
1450
9141
6817
5892
9200
6309
7110
9225
8714
1972
9201
4576
4478
4952
2724
6340
5852
9937
5733
9809
1609
5811
7901
8919
3832
4017
9188
7532
7767
7743
9487
6297
9927
8790
5766
2634
2641
8963
5619
7907
8374
4928
1556
2388
6778
2241
2889
3791
1401
1040
7933
2806
8937
3699
2272
2629
1813
1775
7845
7991
5506
8166
5766
9192
2720
2248
1743
6444
9061
3484
7543
1487
2232
2926
1233
4206
8332
8399
6327
5766
4688
3787
2844
3045
9009
4045
7227
1381
6148
2080
5914
2354
5166
6222
2230
3419
9490
5520
6859
7228
1921
1458
5503
7289
3386
7696
5858
3853
7522
2528
8786
3233
2902
1965
5521
2944
2315
7538
1000
5997
3393
2419
3673
9058
1782
1319
9365
9529
8879
9040
6234
4844
2198
1362
8777
4206
1556
5906
6598
5208
9879
4054
6733
7895
6472
6790
9414
3267
5481
8091
5110
1263
2559
3713
8436
7119
4763
9683
5262
3013
7901
5175
5896
5606
5461
9854
8143
4603
4020
9040
8004
6073
6404
7322
2758
3458
4907
5598
6889
4073
2698
3541
8143
7382
4191
5373
8348
1352
2018
9904
8823
5712
9283
4438
6025
7351
7062
9985
1646
4498
4340
1425
7807
9369
6238
9441
6885
3911
6298
2163
1641
8782
8954
9989
7611
2040
2200
7313
2359
8821
3784
3754
9810
4423
5680
9380
4167
9612
2227
3901
1719
3144
7626
3932
4087
2860
6258
8260
6341
8991
6875
5015
3875
4783
2190
8818
3414
3871
6018
8602
9448
5554
4108
7830
4235
5834
8033
5955
2959
5424
3004
5535
1426
2221
8944
9600
2764
2202
7134
3471
1802
7765
2969
8969
2614
9580
4469
8218
3377
7381
7104
7138
9559
4975
6095
4402
3102
8405
6128
4326
5952
1984
7281
5248
3371
5749
1051
8619
6401
4103
1858
5105
5228
6002
9591
6137
3956
3176
4852
1990
5381
5145
6323
5775
1679
6342
8505
2353
8942
6449
5219
1361
4709
5491
4079
2822
5447
9647
2876
4362
1730
4810
3216
9457
5212
8440
3693
3151
3987
4994
7152
7719
9050
8150
3869
3187
3751
2420
1599
5422
6481
9991
9442
3513
4100
9157
7444
4361
9487
1658
4381
8995
2969
2081
8094
4770
6298
7880
4024
9369
4504
1379
2553
6812
3544
2128
6840
2552
7608
2686
1746
1685
7123
5847
8330
7481
6188
1747
3205
1942
9147
5931
4633
8523
4017
1874
5122
5803
4505
8393
7652
5959
8949
2190
4594
9381
9531
9758
4416
8234
7039
5804
1671
5826
5291
9012
2514
5094
6159
3125
3669
7687
8430
6191
6167
9773
1966
6693
8113
9976
7785
9755
5866
7739
6235
3534
7391
8928
5240
2426
6623
6615
9107
1664
9360
4576
7788
8136
7379
5168
6985
3650
4322
5833
1391
7152
7793
3385
1869
4169
9090
5979
4654
7816
2863
8415
6335
3475
1664
1623
5797
1005
5638
1450
8797
8099
5904
5774
6933
2777
2629
5003
1228
1357
5861
6010
4939
4591
2094
6623
8642
4009
9342
3782
8420
1708
8840
1726
9728
7167
6022
3935
6492
6080
4014
5800
5247
5633
8649
7329
8443
6407
3437
6837
4121
3222
6768
9908
4004
2171
4783
7083
6034
9465
6245
1396
5924
6063
8321
8480
1341
1377
8003
7630
8966
2200
5167
8019
4953
7780
1419
8302
6962
6394
2567
2205
7452
8068
1460
2874
1569
9420
8824
8078
4286
9399
4968
2027
6532
7690
7467
4474
1992
8560
1375
7653
7765
2553
2543
5626
1014
4442
6841
1655
5847
8898
5772
9634
6249
3521
8726
7146
8974
9438
5872
4856
2103
2450
3576
8066
5883
6565
1385
8567
2639
5964
8613
8475
9545
6127
5626
6954
4044
4706
1948
6872
6742
2459
1544
4872
4940
8726
6947
9985
8221
3508
5603
9097
8884
8660
7236
4447
9534
5577
2978
8207
4622
5093
7573
1687
6800
3456
9688
6559
1844
1123
3449
4083
9527
5856
7845
1533
3639
5361
2843
5026
1636
2248
5752
3579
1924
2385
9634
2915
3882
4248
8723
4348
1264
3681
1491
8552
1857
7093
6631
9496
3418
1091
6152
9459
1416
7744
5028
9627
1395
5265
9739
1017
2491
8669
1230
2884
7128
3512
7065
8492
4847
5461
4359
2677
7387
2471
5499
1370
1943
6426
6117
4487
4357
5812
6821
7084
6856
5195
3117
9027
2286
1808
6411
2985
5446
1967
3247
3071
6891
9742
7624
5322
4803
1042
8602
6423
6112
2864
5978
2488
1327
5275
9226
4138
2865
2310
6720
7449
6245
4156
3924
1830
8904
5592
3531
3559
4331
6035
4186
9789
3267
2095
1192
5155
9406
6651
3028
3124
9317
2418
4203
6041
7552
5946
5703
5831
3344
9490
9907
2857
5449
3754
9420
6179
6479
7657
7586
1369
8672
8163
5662
3298
1154
8718
6443
6862
3797
3367
8019
5956
7730
2850
5604
9062
8309
5444
7453
2904
6487
4756
7392
4208
9165
2820
9838
8887
8911
4045
9697
7723
9585
9821
4512
5979
4131
5802
6338
7587
8815
8559
8868
8107
9215
8938
7742
3004
5202
4454
1602
1374
4367
6087
9162
5825
8943
5026
7491
6425
9756
4336
4887
9782
7807
8356
3967
7910
9199
6634
7098
8257
9734
3428
9607
3862
4279
2957
2415
8310
7249
9629
6999
8645
4076
3188
7260
7281
6055
2437
3148
4588
5360
6203
9121
5280
2359
8897
8008
4821
5589
9322
3894
4819
7143
7335
5578
8829
1749
9388
9597
8347
8251
2088
9334
2467
9929
5861
8204
6359
9868
1725
3145
1541
5706
1323
4416
1963
1857
1960
6163
1426
9549
6269
5762
8217
4011
9206
3060
4985
4215
4324
2877
6324
2443
4454
5218
9123
7818
9250
2018
8391
3542
3199
5714
6114
1223
7152
5517
5900
5199
3143
9141
8957
7820
8959
1683
9555
8100
4185
2884
3594
9551
1263
7137
8949
1558
5454
1562
1374
2945
4169
4346
6693
2279
7795
7451
6410
3040
2161
6366
9741
1708
9245
4565
5032
8975
6953
9562
8465
2462
1638
3370
2825
4407
4363
4659
7905
6201
9337
3072
8403
5641
9435
1135
9732
6561
5267
8691
5221
3461
4418
4211
8445
9669
8979
1233
9761
1439
8626
9140
8568
2923
9265
8861
2972
8275
5881
9445
8387
6529
8748
4486
5552
8292
2855
3260
9314
3669
2663
9360
8426
8815
7199
5146
5018
2353
2577
2058
2485
1533
8251
1779
7377
9180
4447
3543
6686
6937
2051
4745
2649
8310
8088
3101
2541
5037
2420
6980
7686
9877
3017
9745
5193
6330
2702
3301
8793
8974
8278
6212
4629
1286
8539
6178
5704
1782
4656
9526
4572
3004
1123
1700
5237
5497
1431
7100
9729
9124
7212
6346
6705
6252
2725
5178
2134
3291
1690
7634
7579
2991
7466
5904
6999
8463
4285
3321
3834
9153
3770
9881
6079
8763
8634
6647
6002
6092
6412
7804
6094
8504
9793
7565
5156
7857
5384
5497
1979
8269
9235
7681
3293
9541
8801
4697
6798
6309
6944
4453
8532
3641
2764
8099
9914
2584
3070
8921
6549
6810
7211
2383
9014
9195
1791
3704
3806
1603
9262
1502
7924
7939
3925
9183
8382
1692
6622
6778
2047
5046
6553
1672
6780
8543
5058
6889
3278
1651
9386
8571
7075
2781
7957
3820
2815
3392
5350
2866
2657
2586
4763
7243
8228
7926
1687
2168
2552
5839
6654
7167
7284
3245
5982
9185
5607
3060
6681
3147
7091
3663
9015
1668
5900
2700
9786
4286
1077
8253
6367
9846
7539
7938
9672
4116
9577
8676
4121
1628
9908
4726
4779
8437
6587
9332
8169
1322
8095
8510
8364
4488
9601
5227
8598
7844
8954
4761
9870
4836
3682
7905
4839
3361
4380
5923
9990
7918
2473
4840
7653
8896
6201
9924
9166
6219
5919
9879
6570
1227
7005
1730
9265
1081
6994
3158
9810
3753
2355
4133
1645
2775
1792
9612
9727
6427
5155
4937
6685
2256
6226
2258
2956
7639
3002
9441
6380
9017
7712
1017
1953
1620
1761
9603
1118
4898
8180
7336
9330
3002
4952
8004
7424
4172
1588
3384
1254
5808
5687
3600
8926
5311
2434
6908
9739
5419
1461
6471
9676
1000
6179
5427
9445
2132
7470
7044
2502
4842
3783
1457
9761
3163
6645
9053
6203
1725
3803
4500
7356
7540
5264
7432
1519
4720
8899
7648
7887
4691
7011
5429
2952
7330
1159
1756
3859
5466
5033
6371
4061
6841
3270
9331
7697
1539
3287
6698
5609
3022
7425
7093
7298
2367
4157
2181
5001
7035
9200
9210
6529
5451
6352
2607
1365
6922
8218
7653
1280
9135
6901
3521
2625
2455
7254
2842
7151
7022
8638
4455
1976
6374
5337
7171
6743
7403
3550
4555
6425
5080
7232
4988
8436
4610
7776
7214
3527
9186
1220
1914
5938
3739
8629
9865
7619
8988
5698
4903
8971
1009
4906
1629
1541
7998
9283
3198
7082
2577
4733
9273
3671
4562
9887
9853
7686
5792
1136
9907
6910
6567
1369
8076
8738
3670
1604
9868
1084
8026
6404
4536
2066
5905
3133
7022
9708
2910
6422
7604
4212
9821
4947
2790
6575
2420
1940
9473
6005
7762
9958
8377
4716
3968
9508
8979
6646
1599
9145
9599
7105
9289
5789
6977
8641
2283
4752
7969
1138
6781
8553
3072
3618
8834
6162
4959
9716
8997
9339
4520
5188
5325
6792
3269
1521
8619
7553
1297
1608
3245
5577
3360
7325
7819
2695
8955
3118
9922
9639
9420
9713
4920
1693
9198
6606
7876
2642
3386
3011
7537
6627
9121
2197
6194
6846
1693
8648
1891
7322
8492
3008
7689
2195
8960
9639
7522
6783
8521
6876
6290
8046
1883
3208
2236
9548
9893
9751
7069
5610
6066
9706
5815
4008
8187
5796
4825
1299
4579
8853
3286
3719
6083
3733
1050
9823
5880
5812
3088
7203
2680
3431
2834
3420
4494
5850
2156
6021
4732
5153
4114
4446
1395
8697
8124
7725
2705
6505
2920
6911
2617
9833
9477
8329
4308
6553
2682
9640
1946
1175
5674
1529
4665
7985
4084
9433
9542
7467
3821
3582
9448
7042
3243
4677
4812
6532
4149
3357
2629
5479
3246
1210
5226
9044
9456
5957
5373
6932
7215
7016
2502
6616
7612
9205
6629
5749
1719
2625
2196
4234
4850
2172
1409
3928
5904
1100
3027
6156
8033
2988
1028
8831
7154
5584
9938
3819
3981
5648
3424
8685
6541
2587
1352
6866
8844
2283
6282
1910
4588
1100
1090
1482
2419
4112
5244
4291
4680
1969
9916
9988
3252
6218
2347
2822
4471
6838
4604
7626
2933
2361
2692
8827
7017
3784
4820
4421
7424
5763
4128
4946
5909
6906
2590
2919
1687
1597
2979
5034
3951
8050
8497
5286
6714
4237
9135
7083
3326
1308
6352
4144
4859
2033
9605
1086
3123
7737
6485
2141
2084
1048
6709
1728
5255
3818
3176
9926
6643
3367
9352
6883
2865
2160
3506
8423
8720
6404
6643
8199
2672
6670
5080
7185
9008
4967
6515
5221
9193
2227
6018
2549
1254
7546
9801
8446
4913
8196
3012
4179
3184
6335
7687
4734
6001
2226
9012
7923
4743
2593
6177
5958
2976
6102
5175
4534
8478
8545
6675
6545
4867
8716
9363
5485
7292
9788
2701
4885
1047
7307
4890
4105
8277
8079
5972
5406
8275
4572
2807
6989
2912
1268
2946
8750
6669
7965
5302
1184
1004
6304
3033
7421
4734
8064
1506
1114
7557
1379
4100
6098
4744
7370
8286
6213
5466
4173
4450
5896
6646
2586
2785
5110
6604
3770
2757
7756
6807
5214
5244
7914
4234
4450
8818
2193
7736
6714
8281
6049
8657
8519
3286
5048
1755
1649
9175
2367
1493
6872
7662
6896
9794
2726
2982
7977
1149
3216
2618
4262
7323
8409
1962
8369
4625
7457
6036
7485
2884
1020
9863
9906
2089
4485
2659
5666
9413
1421
8924
3036
5940
5632
8484
7417
6623
5175
6681
7501
6750
7191
4107
3081
2215
6098
6513
6271
6836
2646
4368
6170
2094
5381
7664
6679
9056
6581
6576
5567
8412
5930
4560
6588
6246
9844
1976
7259
4208
6305
8617
1353
3004
4432
1097
8761
1754
8043
4903
6764
3705
9947
8615
7692
3501
5079
7500
3962
7649
2899
2504
9399
6966
2386
5370
8489
2112
5421
8654
1736
5398
8494
4095
2832
4829
2299
3543
9055
7964
6382
5556
7350
2391
9929
5782
7890
2872
9946
7875
9256
7438
6485
2287
8223
4135
6308
4234
8974
3739
1634
8187
7368
6437
2492
3258
1833
6591
6000
7717
7439
5719
2253
6967
7639
7785
3203
2130
1806
8401
7685
3693
2302
7848
5703
6414
4889
1728
2139
5366
9765
3787
9634
1598
5397
3632
6379
3498
6540
3699
4069
8017
9972
6564
9061
9827
6423
3149
8279
7059
1168
1116
6443
3672
5778
9916
9527
4006
8112
7094
3098
4212
2021
2537
2261
7422
1172
9618
1431
4200
6539
9595
1884
8619
5969
5160
1320
6331
2351
7914
5377
9265
9367
6342
6499
9975
4837
8757
5757
6409
1875
5157
2499
4761
7505
4508
2624
3155
5015
4923
4063
8625
3613
9792
4413
6762
9502
9136
2611
1693
6904
7051
3146
1666
4053
9563
3228
9484
5959
2409
5205
2327
3365
8905
7260
4607
6959
5356
4902
8456
8796
5187
3471
8810
6393
6605
8349
4232
2402
2661
3018
8156
3560
4097
8808
8708
2803
8224
6676
1897
6109
3222
2521
7082
8026
1543
7824
6355
4254
6401
1730
6696
5476
9275
5297
9308
1502
3543
4475
3007
5211
5108
4606
3179
4188
2579
8974
8252
7941
2898
8980
1532
7606
6497
4391
4103
3519
4427
6598
1862
1853
3956
3328
3374
3507
3548
6955
5773
1256
7096
1641
1989
2084
8443
4389
4111
7253
2848
3770
6935
4079
4695
7496
1175
2925
2694
3976
2352
6192
3494
8729
4953
8864
3132
1534
4861
7646
3458
2122
6591
8576
2517
8497
8496
1320
7811
9904
6953
8114
3839
6230
8642
6889
6816
1559
4846
5040
3590
3358
1371
5094
3918
4969
5959
6017
9944
7643
7025
4038
3663
7064
2469
5462
9127
8566
6218
1984
9028
3213
3266
2768
7413
4996
9152
5795
7033
1074
8260
6374
9877
3285
5639
9374
2341
2294
3341
5069
2884
9682
2618
1432
9182
6176
4623
7647
4969
4654
1889
1102
9547
1623
7839
4172
7159
5930
7997
8775
8020
8599
3002
8968
9371
1763
4385
3802
3499
9824
6595
1023
8970
1910
4843
5077
9558
6272
3345
5609
3710
8829
7749
1769
3993
7664
9005
7097
3688
6813
1392
7420
1312
2012
2797
4305
1635
3582
6835
8640
9990
9161
1608
6945
4490
4060
6354
3987
7080
8101
9083
4137
1510
1757
4581
8437
6267
3587
6533
2774
6733
5964
1221
8833
4169
5745
8480
4564
1419
9205
1238
4418
1007
6294
2972
4593
5156
1147
5262
6973
1990
3175
3537
9639
2385
5078
7386
9631
3558
6603
1644
7164
2869
9326
3105
4473
7920
1149
8968
2733
2444
4939
4689
4403
5092
1366
3746
7485
3720
3543
9258
3406
9745
1988
9278
5752
9007
9691
8382
6028
8323
5058
8221
4606
5911
9155
9193
5759
3435
5634
1939
5859
7852
2409
4135
5314
7226
8526
3808
2535
9567
6984
6457
7924
4143
7363
5186
4519
3667
7899
4311
7671
8722
2997
2025
7224
9084
4532
5169
5166
9180
9495
7358
1915
6326
4626
8685
9156
1524
8380
3194
8808
8135
1661
7950
8060
2435
6296
3021
8020
4355
5490
4789
3640
3727
3796
8463
1459
1001
3736
7341
2634
3204
3488
8141
4511
3001
9946
8282
9541
3360
6260
7596
3960
2765
2841
1198
9554
6772
4518
9348
5477
1045
4557
9106
7421
9115
8969
9409
9925
4048
1693
9978
4092
1570
6896
9511
3094
3417
9491
1301
8150
7814
7734
8737
1536
1634
9285
8285
7223
8625
8007
9214
6773
9059
5698
8968
5927
9483
8718
4584
2582
7329
4696
